# Anzahl der Hits pro Kanal (0 bis 127)
6253.000000
8474.000000
9151.000000
9126.000000
8895.000000
8841.000000
8850.000000
9222.000000
9171.000000
9382.000000
9531.000000
9948.000000
10102.000000
10414.000000
10729.000000
11006.000000
11250.000000
11679.000000
12052.000000
12406.000000
12300.000000
12812.000000
12896.000000
13265.000000
13423.000000
13631.000000
13746.000000
14288.000000
14478.000000
14579.000000
14731.000000
14947.000000
15086.000000
15295.000000
15316.000000
15542.000000
15752.000000
15797.000000
16266.000000
16134.000000
16206.000000
16424.000000
16824.000000
16469.000000
16284.000000
16362.000000
16752.000000
16815.000000
16226.000000
16915.000000
16795.000000
16898.000000
16265.000000
16414.000000
16730.000000
16500.000000
16319.000000
15964.000000
15212.000000
15897.000000
15878.000000
15811.000000
15487.000000
15357.000000
15270.000000
15096.000000
14252.000000
14492.000000
14386.000000
14033.000000
14002.000000
13464.000000
13478.000000
13101.000000
12932.000000
12790.000000
12434.000000
12341.000000
12062.000000
11961.000000
11200.000000
11253.000000
10694.000000
10267.000000
9985.000000
9935.000000
9288.000000
9288.000000
8972.000000
8771.000000
8421.000000
8103.000000
8021.000000
7567.000000
7080.000000
7208.000000
6453.000000
6241.000000
6165.000000
5875.000000
5747.000000
5535.000000
5110.000000
4952.000000
4756.000000
4602.000000
4400.000000
4125.000000
3982.000000
3807.000000
3693.000000
3469.000000
3381.000000
3174.000000
3083.000000
2942.000000
2792.000000
2843.000000
2725.000000
2528.000000
2499.000000
2477.000000
2509.000000
2590.000000
2396.000000
2441.000000
2433.000000
2055.000000
