1D 255 -512,000000 260608,000000	[nbin xmin xmax]
"X"	"Function_0"
0,000000	1,439144
1024,000000	4,814378
2048,000000	8,393359
3072,000000	11,493828
4096,000000	15,039297
5120,000000	18,598828
6144,000000	21,443672
7168,000000	24,915625
8192,000000	28,499453
9216,000000	31,773125
10240,000000	35,225234
11264,000000	38,137656
12288,000000	41,680234
13312,000000	44,937734
14336,000000	48,299062
15360,000000	51,407188
16384,000000	54,973516
17408,000000	57,650000
18432,000000	60,941563
19456,000000	64,417969
20480,000000	67,489453
21504,000000	70,718984
22528,000000	73,729766
23552,000000	76,801016
24576,000000	80,034453
25600,000000	83,022344
26624,000000	86,176641
27648,000000	88,890312
28672,000000	91,954219
29696,000000	94,965391
30720,000000	97,686250
31744,000000	100,417266
32768,000000	103,572578
33792,000000	106,158281
34816,000000	108,979609
35840,000000	112,087500
36864,000000	114,519453
37888,000000	117,480234
38912,000000	120,055703
39936,000000	122,430859
40960,000000	125,279609
41984,000000	127,773359
43008,000000	130,447266
44032,000000	132,838516
45056,000000	135,632578
46080,000000	137,835938
47104,000000	140,560781
48128,000000	142,761875
49152,000000	145,013203
50176,000000	147,319063
51200,000000	149,882188
52224,000000	152,334219
53248,000000	154,195156
54272,000000	156,522031
55296,000000	158,752969
56320,000000	160,848906
57344,000000	163,055391
58368,000000	165,208984
59392,000000	167,420703
60416,000000	169,191797
61440,000000	171,331406
62464,000000	173,295469
63488,000000	175,125859
64512,000000	177,169453
65536,000000	179,451250
66560,000000	181,543984
67584,000000	183,274766
68608,000000	185,033047
69632,000000	187,047188
70656,000000	188,418828
71680,000000	190,276562
72704,000000	191,957578
73728,000000	193,706719
74752,000000	195,105469
75776,000000	196,616406
76800,000000	198,514844
77824,000000	199,892656
78848,000000	201,608984
79872,000000	203,189453
80896,000000	204,491875
81920,000000	206,006719
82944,000000	207,483047
83968,000000	209,045156
84992,000000	210,153828
86016,000000	211,650313
87040,000000	213,051719
88064,000000	214,376250
89088,000000	215,693594
90112,000000	216,925391
91136,000000	218,093750
92160,000000	219,271328
93184,000000	220,249687
94208,000000	221,461250
95232,000000	222,752500
96256,000000	223,763203
97280,000000	224,710859
98304,000000	225,961641
99328,000000	227,135234
100352,000000	228,289062
101376,000000	229,103281
102400,000000	230,049141
103424,000000	231,002266
104448,000000	231,818516
105472,000000	232,854844
106496,000000	233,563672
107520,000000	234,500391
108544,000000	235,489297
109568,000000	236,245469
110592,000000	237,000234
111616,000000	237,711016
112640,000000	238,510859
113664,000000	239,408125
114688,000000	240,176484
115712,000000	241,165156
116736,000000	241,823281
117760,000000	242,519922
118784,000000	243,309453
119808,000000	243,750391
120832,000000	244,516016
121856,000000	245,184375
122880,000000	245,724141
123904,000000	246,440313
124928,000000	246,819922
125952,000000	247,468516
126976,000000	248,033672
128000,000000	248,404063
129024,000000	249,031016
130048,000000	249,393594
131072,000000	249,805313
132096,000000	250,452812
133120,000000	250,812891
134144,000000	251,425078
135168,000000	251,713594
136192,000000	252,225234
137216,000000	252,613516
138240,000000	253,017500
139264,000000	253,374531
140288,000000	253,839531
141312,000000	254,218359
142336,000000	254,482422
143360,000000	254,790391
144384,000000	255,221797
145408,000000	255,574531
146432,000000	255,883906
147456,000000	256,082656
148480,000000	256,587578
149504,000000	256,902500
150528,000000	257,204766
151552,000000	257,424531
152576,000000	257,679297
153600,000000	257,835469
154624,000000	258,192344
155648,000000	258,439453
156672,000000	258,787344
157696,000000	258,897266
158720,000000	259,241953
159744,000000	259,434141
160768,000000	259,756562
161792,000000	259,892969
162816,000000	260,053906
163840,000000	260,361875
164864,000000	260,626250
165888,000000	260,744453
166912,000000	260,905703
167936,000000	261,212812
168960,000000	261,339063
169984,000000	261,470937
171008,000000	261,605703
172032,000000	261,796641
173056,000000	261,989219
174080,000000	262,095547
175104,000000	262,429062
176128,000000	262,436719
177152,000000	262,704141
178176,000000	262,762578
179200,000000	262,901875
180224,000000	263,106875
181248,000000	263,173125
182272,000000	263,218828
183296,000000	263,415156
184320,000000	263,529219
185344,000000	263,563750
186368,000000	263,736484
187392,000000	263,761250
188416,000000	263,918437
189440,000000	263,947656
190464,000000	264,120469
191488,000000	264,185859
192512,000000	264,290703
193536,000000	264,200625
194560,000000	264,310625
195584,000000	264,464531
196608,000000	264,539531
197632,000000	264,769766
198656,000000	264,673203
199680,000000	264,887656
200704,000000	264,982109
201728,000000	264,983594
202752,000000	265,085781
203776,000000	265,177891
204800,000000	265,327344
205824,000000	265,178203
206848,000000	265,492187
207872,000000	265,367734
208896,000000	265,462656
209920,000000	265,629063
210944,000000	265,772422
211968,000000	265,695703
212992,000000	265,984141
214016,000000	265,926016
215040,000000	265,844297
216064,000000	266,010859
217088,000000	266,128359
218112,000000	266,111094
219136,000000	266,259531
220160,000000	266,251562
221184,000000	266,268828
222208,000000	266,344922
223232,000000	266,542109
224256,000000	266,454844
225280,000000	266,510078
226304,000000	266,484609
227328,000000	266,597344
228352,000000	266,538672
229376,000000	266,711641
230400,000000	266,635469
231424,000000	266,741719
232448,000000	266,718984
233472,000000	266,770234
234496,000000	266,833906
235520,000000	266,970078
236544,000000	266,918047
237568,000000	266,982969
238592,000000	266,942344
239616,000000	267,045156
240640,000000	266,976250
241664,000000	266,947266
242688,000000	267,008125
243712,000000	267,049609
244736,000000	267,045469
245760,000000	267,159375
246784,000000	267,181094
247808,000000	267,244063
248832,000000	267,210625
249856,000000	267,182734
250880,000000	267,243750
251904,000000	267,212891
252928,000000	267,232031
253952,000000	267,231172
254976,000000	267,300547
256000,000000	267,422187
257024,000000	267,301250
258048,000000	267,367188
259072,000000	267,334844
260096,000000	267,406953
