Je Cluster eine Zeile mit ADC Einträgen aller Kanäle mit Signal 
36.4786692913
30.4701653543
32.5725905512
48.886984252
39.4943543307
32.2901968504
28.0682125984
24.5139296875
27.6612834646
24.1451171875
24.1870546875
22.8232421875
47.6486220472
26.8471102362
27.102984252
26.9808425197
28.7829212598
40.1783228346
29.5252834646
30.1891574803
27.9365590551
32.0532204724
38.9449370079
29.0244330709
24.4977421875
35.1010944882
52.4609685039
21.7551796875
23.2801171875
44.7699448819
34.4786062992
24.3234921875
24.5344296875
21.5418046875
38.7072047244
61.8176299213
26.6659296875
52.0575669291
54.8472992126
28.1390787402
28.5006535433
27.2535354331
22.4599296875
88.4034566929
24.0878671875
22.9449921875
55.0182598425
25.271992126
47.306511811
43.904496063
26.8672421875
36.6896299213
27.6448046875
35.8083700787
25.9723046875
22.3981171875
26.9628897638
23.9274921875
41.4033937008
23.4043046875
25.1536171875
27.4081181102
43.9349212598
24.2646171875
25.1938671875
55.5666062992
23.4212421875
24.6876171875
23.744496063
31.5713937008
29.8919606299
41.1494724409
25.2709212598
36.2766535433
57.3276141732
31.8083700787
58.7323385827
49.0212204724
62.708023622
31.5347952756
23.2603046875
34.9626377953
23.2616614173
24.2337421875
27.7305748031
33.0292834646
29.5805905512
26.4219296875
28.7467007874
40.1000866142
47.0716771654
42.9829212598
62.2421968504
23.3715546875
45.1649685039
23.3427421875
28.7912992126
26.9399606299
32.4880551181
23.4759296875
26.9658503937
27.3203671875
40.7511102362
23.5131171875
37.5749212598
23.6079527559
107.674952756
40.4248740157
50.5137559055
25.9128046875
37.8535984252
24.9274296875
21.9440546875
24.0736796875
43.9511102362
25.6691102362
22.7718046875
57.5935669291
26.3727421875
30.7145748031
40.4646850394
59.7242755906
21.1848046875
32.6610314961
48.0171889764
28.9729685039
28.2208671875
65.1967795276
34.5792677165
32.7518661417
25.5469921875
30.5831732283
22.7112421875
38.0887480315
35.5939448819
25.8702421875
63.533976378
29.7062598425
24.0096796875
34.9274251969	26.8164251969
41.9638968254
40.2798968254
41.2179448819
26.8598671875
24.1528671875
31.965976378
32.5174724409
24.2773046875
39.9242125984
41.643015748
24.4022421875
24.3346171875
65.8958661417
26.3931171875
39.4311732283
36.4849685039
26.7792677165
27.081
37.7444330709
30.3746692913
31.1226377953
62.9435511811
34.291519685
43.9111732283
30.6731259843
24.7448046875
47.0516456693
45.207488189
25.5802421875
26.6613046875
38.9696299213
23.7065546875
33.404023622
28.2135354331
35.3160866142
29.6972519685
51.2406850394
59.1621338583
49.4124015748
57.0686535433
55.0639291339
47.8412519685
29.0808740157
31.9809685039
24.7051171875
27.7333464567
40.7870787402
25.1074566929
30.2549212598
47.9212519685
47.2057874016
31.1256614173
29.820023622
35.4072362205
26.2297421875
40.7946377953
25.2297421875
34.3432992126
24.8569921875
31.8249370079
23.8085546875
22.2799296875
30.8023228346
43.221976378
25.2703671875
47.7341653543
32.4468582677
22.8512421875
81.2284015748
56.1310787402
23.5589921875
27.6198976378
22.2541796875
26.5041181102
23.3965546875
25.0897421875
23.9308046875
34.6508897638
30.0851574803
34.5337244094
25.1316456693
41.3835511811
30.1281181102
29.9811574803
36.328496063
40.8500708661
24.9426796875
33.5184173228
24.1552421875
