Je Cluster eine Zeile mit ADC Einträgen aller Kanäle mit Signal 
25.246480315
30.8016929134
26.6474251969
59.3067637795
25.5333464567
30.8306692913
31.3989212598
45.0659448819
35.1862598425
34.5113622047
33.1764330709
33.834007874
26.5759291339
27.2479291339
25.2259448819
31.0538503937
71.7009685039	34.5879685039
29.1015354331
25.6614724409
26.5187222222
31.5267222222
40.902519685
85.667519685
32.918984252
63.9180393701
24.2907007874
26.8547322835
39.4360866142
33.4489370079
31.7421653543
29.4285275591
23.957976378
38.7398976378
27.1812204724
45.9127480315
27.8967007874
58.1307007874
27.9981023622
28.4066692913
31.7274251969
32.5329055118
24.5757401575
35.7781968504
27.2891259843
33.1730944882
27.4642440945
45.6425748031
35.3851889764
27.9050629921
32.0033937008
31.8392992126
26.2243700787
26.7427952756
28.2894409449
25.1867637795
25.7128740157
25.4088740157
25.6447165354
26.0413149606
23.4916456693
28.6217244094
64.8518976378
31.426007874
23.3067007874
32.3851889764
41.4290944882
23.926480315
25.3228897638
32.1652204724
25.7429212598
24.5433622047
30.5031102362
32.6183858268
29.9657244094
41.3740393701
40.3009685039
38.5230787402
22.8583228346
55.1906062992
42.6156771654
31.9596141732
27.2111417323
24.3883385827
22.6770314961
26.1001349206
35.6188267717
47.174984127	33.935984127
52.0279606299
23.4829606299
46.8609055118
23.7103543307
24.9990472441
40.866007874
43.1549527559
39.6479291339
33.643015748
24.7323385827
23.2048425197
56.1675511811
39.5865748031
33.4911417323
32.3715826772
25.1154920635
36.0204920635
27.1725905512
22.0390472441
25.7443700787
28.9380708661
25.3442440945
28.4057874016
39.8076141732
23.8210314961
28.8175669291
50.4803700787
28.1937559055
34.1190472441
27.6217244094
67.2046535433
34.3034251969
28.919992126
33.5571574803
33.0568740157
33.4727480315
23.3332204724
38.6614724409
33.5376299213
22.5744173228
33.629976378
27.6141023622
59.5305748031
24.0311732283
30.3994251969
49.2444015748
34.7431732283
41.2500708661
26.4341338583
30.7291889764
22.9681811024
27.9760551181
36.170007874
34.0209685039
35.6583228346
59.6898188976
23.8796771654
29.2450314961
33.5290555556	48.1270555556
28.3439291339
23.5730314961
27.4057874016
35.2335669291
30.286023622
111.604023622
39.6916456693
31.7933779528
40.0227952756
29.4702283465
25.8571259843
25.3461338583
44.5235826772
24.159488189
23.6653149606
65.5087165354
22.562007874
39.4105748031
24.3302598425
43.4775354331
34.1888425197
32.873
27.0770314961
40.5736904762	36.9156904762
28.1925590551
50.8331889764
45.9516141732
30.452023622
24.0353307087
36.3831102362
48.3160866142
33.5793937008
48.8748267717
37.8945433071
23.223488189
32.5882755906
29.9762440945
32.4278346457
31.6749527559
37.586511811
25.0219133858
33.1397716535
28.9231587302
28.4661587302
43.9209370079
25.1708267717
26.1479606299
58.3725275591
36.1398346457
28.5711417323
28.4842125984
47.1919291339
35.0888110236
78.7165275591
26.4302913386
26.4566220472
28.3807165354
27.619519685
24.8791732283
42.3855669291
24.1756771654
47.5591732283	24.0341732283
28.8257559055
39.7565275591
29.8233622047
31.5691889764
43.054480315
24.978511811
31.2952992126
29.7605590551
34.9678661417
29.7440551181
36.6815669291
22.876023622
44.2044015748
23.7949527559
46.0892519685
34.9266111111
29.0676456693
26.5816614173
23.2358976378
28.3992992126
37.6632992126
28.0473622047
29.790480315
29.5721496063
26.1025433071
96.2892519685
27.4188267717
27.5184173228
30.2156141732
37.2903858268
32.7062619048
23.6962619048
32.328496063
31.0861653543
28.7610629921
51.5486535433	28.9056535433
25.4714251969
23.2741338583
38.9098503937
45.4291574803
37.2808110236
48.9521811024
23.2291574803
33.4688425197
66.4828267717
26.1461338583
38.951488189
30.3417874016
45.8686535433
39.8193937008
27.5317716535
32.2956771654
31.7795826772
30.7936299213
22.2571259843
37.8727480315
26.4924645669
29.2437086614
25.5738503937
35.863488189
22.9731574803
25.1293149606
24.7402125984
43.4954251969
36.8535984252
32.9076825397	48.0526825397
41.1181653543
126.044968504	56.9379685039	26.4129685039
24.1287480315
50.857
32.1827322835
49.8436456693
24.9673622047
29.1643622047	112.535362205
31.8472362205
27.2861023622
75.3587952756
35.6771574803
37.8929685039
38.7577874016
23.7885275591
43.5228897638
22.206984252
32.2929685039
69.894984252
37.3386377953
27.1393307087
25.8158031496
33.9901653543
63.061976378
37.0890629921
21.9671732283
52.2912677165
34.5018503937
36.0103228346
38.6676456693
59.4867322835
38.7676771654
23.7732834646
29.3542598425
98.2802440945
39.1414094488
33.9052519685
35.838480315
53.7908888889
30.0118888889
67.6732857143	54.7882857143
36.8210314961
28.4132834646
22.3697559055
36.7677401575
31.5506062992
28.6816929134
26.4268267717
27.9988582677
25.753503937
34.2264488189
34.7431428571
30.7161428571
77.7258503937
37.1841181102
106.196275591
34.214480315
23.9216904762
24.9220708661
21.6558031496
25.3702598425
44.9712677165
27.5492222222
25.2562222222
35.7611259843
26.9538818898
34.251519685
41.2988897638
68.0241811024
47.2341338583
24.1068267717
27.8875511811
55.4241811024
40.0786062992
34.628023622
25.7007795276
25.5115511811
24.0968740157
24.2176929134
105.033944882
23.0711732283
22.6884330709
92.9994251969
26.6028897638
64.1001496063
31.2903858268
29.8642301587
40.5721496063
24.7642755906
76.2677086614
31.8428267717
23.9476456693
25.0689685039
25.5396456693
26.4744488189
23.6058503937
31.973976378
24.6231102362
23.5398976378
31.7603700787
29.4297244094
27.8942283465
34.3969055118
41.4702283465
26.0008110236
43.9366220472
32.2322777778
43.7882777778
54.3910472441
23.6801811024
28.3467637795
24.7082755906
27.4562440945
38.3069527559
38.8003700787
25.8657559055
37.6294724409
25.6425748031
23.226047619
48.6687165354
67.3386377953
45.1955826772
26.6994566929
37.6686535433
82.1415984252
53.6028267717
39.1176614173
23.4137874016
30.6822598425
26.729503937
64.7621338583
24.2871338583
28.8037716535
22.4091259843
22.8149212598
28.7982283465
25.1102913386
24.7631417323
23.3621338583
26.342480315
47.3237716535
34.2537874016
27.0432677165
64.0689055118
26.3783228346
47.3756771654
48.1071417323
27.0065433071
59.4268267717
32.9138253968
49.3978253968	56.3248253968
27.6817559055
38.0212204724
41.8501338583
73.5624488189
29.1700708661
27.6772204724
24.1725905512
41.9527480315
26.8006220472
26.2261338583
33.1441811024
34.3197401575
54.8464173228
23.6374094488
25.3906062992
21.8459133858
22.2988267717
50.6207795276
58.4596456693
29.9657874016
23.1650944882
39.2922755906
23.5571574803
36.1892834646
34.0401507937	24.1401507937
28.8948333333	41.7128333333	74.5668333333	68.9808333333
37.5883385827
50.3306031746	63.1156031746
33.4285275591
113.716464567
27.1140708661
22.7960866142
24.8336929134
33.5793937008
35.0595826772
37.7352362205
45.6204015748
38.1751102362
24.239976378
91.733976378
25.4231102362
26.8134724409
38.9589685039
91.9329685039	50.1889685039
27.5265433071
40.2466062992
27.2757716535
23.8183228346
25.0844015748
24.1158976378
40.3980393701
24.9662283465
45.3540396825	55.2430396825	75.2910396825	38.5880396825
33.9188582677
24.272496063
32.3432362205
32.2627952756
32.6202755906
55.8376	44.2366	39.1716
31.0819448819
28.0941653543
21.909976378
25.4550472441
25.3051825397
31.3649685039
39.454480315
25.0260708661
25.6758346457
37.9117401575
23.9445590551
35.3839291339
24.441
26.754007874
28.3696299213
24.8579448819
23.2350787402
24.066007874
27.0536614173
25.7483385827
38.3817874016
32.6748897638
40.639992126
26.9164645669
30.7162125984
27.3116141732
34.771519685
42.9366850394
33.2964330709
26.3116141732
27.8627322835
27.9624488189
36.0560551181
36.4382913386
44.9587322835
34.7616929134
118.078858268
29.4139133858
28.6823228346
28.4862283465
22.7467637795
24.0702913386
38.5358031496
23.9446220472
29.8717401575
24.7970944882
32.8955511811
40.6402440945
30.2537244094
36.413976378
28.0134724409
25.8864173228
53.5845590551
39.7531889764
26.0042755906
37.8893149606
62.2857244094
48.6240551181
23.7027952756
59.3697559055
30.1617559055
54.0223543307
32.1907952756
29.8063543307
24.1854409449
27.5261023622
34.7536299213
48.8476904762	31.6656904762
40.0282125984
37.8161181102
25.6591417323
37.8558661417
30.1928110236
23.1987322835
33.107519685
88.7368740157
24.9032992126
23.1492834646
26.0510787402
47.9188582677
33.1971574803
24.9695669291
39.2622619048	27.2442619048
66.1837401575
38.4005590551
23.9735984252
25.7475826772
24.3101023622
25.2993937008
40.0847165354
44.1126850394
32.697503937
23.7716456693
23.8241181102
27.9157716535
44.7323385827
27.9127480315
26.4276456693
61.179015748
36.7735354331
30.5238976378
29.3201181102
25.1576614173
40.3204330709
33.2693464567
24.4850944882
22.3573464567
27.6658818898
31.9788267717
34.533976378
27.9271732283
27.8792362205
128.209503937	42.280503937
29.2728110236
36.4748897638
22.3697559055
23.6214094488
23.3734094488
34.3251428571	61.2121428571	76.6711428571	43.6911428571
35.158984252
25.5026692913
23.3281811024
30.2044015748
88.8727480315
22.8833937008
24.8289055118
25.1582913386
27.2384173228
30.1069527559
112.853724409
46.4467322835
55.982984252
34.6867322835
34.8483070866
25.7211259843
26.8398661417
23.656496063
28.5190472441
23.7953937008
25.9467007874
29.1368740157
23.3982913386
48.4623543307
30.9509212598
38.5248425197
30.7536929134
42.0342598425
24.0866062992
33.9234566929
24.2673307087
57.3084126984
32.7774126984
45.0019448819
23.0473622047
27.3755511811
25.5036141732
29.0044645669
31.3518031496
29.070984252
28.5923700787
32.9947637795
37.3799606299
27.0551732283
42.6092519685
46.0587007874
69.1609920635	39.5029920635
30.369503937
26.3880866142
44.6113937008
22.1223228346
22.8357716535
23.3024173228
30.9838031496
54.2562440945
24.1273622047
25.4920866142
48.3123070866
23.4276456693
26.2632992126
87.6272677165
30.7952047244
22.5012204724
39.4081181102
23.3595511811
25.0862283465
34.8945433071
28.3147007874
32.486480315
31.2391904762	53.1701904762
24.8333149606
33.3369370079
23.2243700787
29.7201181102
164.970322835
40.7554566929
25.0127559055
47.3857559055
28.4384173228
60.7327795276
30.1325275591
35.9467380952
37.1167380952
23.579519685
29.0657559055
28.566984252
23.8289685039
29.7398976378
41.8447795276
55.6425748031
23.2352677165
57.0992677165
48.5792677165
48.1012204724
51.9343543307
23.4276456693
27.6640551181
28.9449370079
68.3946377953
30.3875793651
41.2315793651
23.6435793651
36.0134724409
24.9760551181
23.1863228346
50.7004645669
26.2471102362
33.1928740157
25.2945433071
33.0668267717
43.3374409449
26.8505748031
53.7755	91.5695
71.101976378
99.917976378
29.4247480315
24.2400551181
28.8078661417
24.7615669291
23.1312047244
44.1709527559
25.3130629921
37.5337244094
23.7005826772
196.123582677
27.7562125984
24.4963700787
46.4322440945
29.4331259843
34.1267952756
27.2486850394
29.0448425197
33.5119291339
30.2421968504
22.3305748031
23.7009685039
29.1141968504
61.7499133858
24.2246850394
25.8228582677
26.6217874016
24.7536929134
24.6930944882
32.2544173228
28.8188267717
34.175992126
25.2745714286	27.2795714286
26.8799291339
23.730007874
25.2262598425
29.0631732283
30.2507007874
24.3722755906
34.689503937
28.4493149606
23.8918976378
72.3289370079
26.2273307087
58.0403070866
30.4800551181
24.3873174603
40.5073307087
28.305
23.159992126
27.9844330709
35.0123385827
29.0861653543
27.5877716535
30.6692834646
25.9885905512
29.2076771654
23.6106377953
30.5854409449
24.2126535433
25.4326220472
30.4928425197
24.6450314961
24.1356111111
33.1269212598
26.7885275591
32.4308582677
24.1776929134
35.0295354331
29.7936299213
23.5402125984
26.7912362205
23.7475826772
27.7132519685
26.6591417323
32.0659448819
121.382732283
22.1968661417
107.383866142
109.630984252
90.1713307087	44.8873307087
56.3090944882
32.7048809524
37.3285590551
42.947015748
111.75803937
25.241
25.493976378
25.7921811024
25.9766850394
26.3382598425
32.7648425197
80.0610944882
32.8500708661
27.2072362205
26.4279606299
46.2965590551
25.3303968254
43.2204645669
55.7932142857	82.3552142857
28.3323730159
29.1883730159
25.0945433071
53.6122755906
35.0515826772
33.8651889764
28.5827322835
24.887488189
29.3730944882
27.2678976378
23.9815984252
22.3188582677
50.0274566929
25.7694409449
23.2930634921
31.8047795276
36.1495984252
25.8248110236
25.1528110236
23.3938188976
36.6158031496
30.8365905512
26.6823858268
73.1025433071
25.1638976378
47.9010314961
30.618511811
31.5775669291
41.6690314961
35.9450629921
41.346511811
25.3429212598
29.9266062992
31.5119291339
24.3096111111
32.3776111111
42.7899133858
38.7254724409
27.8733779528
44.8504488189
67.9982283465
32.2812698413
33.842484127
37.988484127
22.1201181102
43.4718031496
33.003015748
35.8292204724
53.5786377953
27.9728425197
58.7112992126
34.5757619048
40.4107619048
47.4411259843
31.7204330709
69.0301653543	32.5411653543
32.9442440945
26.0444645669
33.8076141732
34.9022283465
29.2981968504
33.6040866142
38.1399606299
25.7316456693
26.3285590551
25.9315826772
36.327488189
37.3825433071
33.4861023622
24.7010944882
38.4781023622
36.7998031496
23.1122440945
58.4673307087
28.2176929134
31.3216929134
25.1561496063
34.3807165354
26.2439606299
42.9986692913
32.696496063
28.4033307087
24.9027322835
37.5213149606
38.4913937008
28.3647165354
30.256496063
24.0542913386
35.136496063
27.7496614173
22.8957401575
25.7359291339
28.3591102362
31.1496614173
30.0454724409
50.415992126
41.2881181102
22.9518031496
22.9649055118
28.3165905512
55.9406428571
33.4946428571
41.2992047244
29.4775354331
26.419519685
33.7368740157
23.5865748031
31.9965905512
26.7692519685
24.5177244094
54.465503937
50.4146692913
25.8316692913
28.0603385827
44.6378503937
23.686984252
32.9765590551
66.7948267717
28.1650944882
31.7295669291
31.1414094488
21.8241181102
29.7088425197
58.1441811024
40.0984488189
58.0444645669
46.2593937008
34.6355826772
23.4331259843
22.2561811024
33.765808	39.873808	37.624808
24.4873622047
37.6522125984
29.7490944882
52.9820393701
24.253976378
37.8287795276
27.0784173228
68.9417874016
24.4802440945
36.1068267717
50.1742913386
28.5029212598
77.454480315
33.823992126
25.190984252
28.8269527559
42.4845905512
29.7105433071
30.0871732283
53.687488189
54.603519685
22.4217874016
23.7851889764
29.6125275591
36.2983858268
45.4375354331
22.5485275591
24.5244645669
28.2093779528
26.6445275591
35.6088110236
23.0292834646
30.5809055118
21.7598031496
30.5073307087
96.4726220472
37.9480866142
82.9836141732
22.8162440945
29.3201587302	43.9411587302
25.8401587302
44.3878346457
30.7601181102
59.0784173228
29.9517401575
22.8996456693
24.3776299213
23.1617559055
30.9818503937
46.8439365079
32.6129365079
26.0638031496
29.0203385827
25.465503937
26.9578503937
23.7972834646
24.9836771654
26.1485905512
53.291015748
27.0387952756
25.5883385827
52.4960551181
31.8025748031
46.3964645669
37.1699448819
34.4182598425
52.3288110236
27.3722755906
25.3691259843
38.3445590551
29.6502598425
25.2564330709
36.9979133858
29.4901968504
27.8341968504
24.5646587302
29.0166587302
23.4857874016
23.7741746032
79.6141746032	100.537174603
24.9251574803
37.1075826772
24.413976378
23.2937874016
28.4063543307
34.559992126
30.4408110236
28.4270787402
30.5950787402
27.7240866142
41.5216929134
25.8872362205
24.5480866142
25.8953622047
24.3906062992
39.233
24.1158976378
37.8062283465
40.884023622
23.3856929134
25.252023622
29.611519685
29.4247480315
25.7618818898
44.5116771654
24.2850944882
24.6362380952
29.0641181102
41.6432677165
39.9027322835
25.4415669291
26.4530314961
119.341787402
24.4743858268
30.1604330709
26.4875511811
37.3246746032	34.2906746032	23.6866746032
27.3207480315
26.2987637795
24.0593307087
26.4770944882
24.7058818898
26.6888740157
30.4095669291
30.3674251969
68.0471102362
24.808496063
25.6982598425
29.0321181102
46.542984252
32.202511811
27.3667952756
25.7058818898
28.2935354331
36.6993307087
27.3324645669
33.4076771654
23.9337874016
27.4544173228
25.3346062992
37.5542598425
36.2359606299
36.2201496063
25.7297559055
99.4146692913
49.9821653543
24.4083253968
29.2103253968
28.6141653543
24.2687619048
29.4697619048
29.8796141732
22.9144488189
31.4461653543
24.4396771654
24.1574094488
35.8917716535
24.3661023622
36.3127480315
25.0348897638
30.2515826772
62.249452381
51.425452381
31.8813149606
25.4688425197
32.9809685039
43.7764330709
85.6394251969
25.1020393701
23.5177874016
74.9107322835
35.9213149606
34.654480315
23.7869527559
25.7913622047
30.0659448819
22.8862283465
30.5642125984
30.8028267717
24.8651889764
30.6901338583
34.5072677165
27.0523385827
24.8137874016
26.8727480315
30.8241181102
54.3485905512
28.3250314961
40.4034566929
48.5174094488
34.5145748031
30.3258503937
72.574984252
37.783992126
28.3320866142
27.2459133858
44.3210629921
35.113
32.071992126
25.8796771654
27.9077716535
29.5536299213
29.8125275591
32.8324330709
25.634511811
27.7703858268
32.4387322835
26.6893149606
25.7676771654
24.9644645669
40.2891259843
23.1715826772
26.9012460317
23.9153307087
77.2584047619
53.4424047619
55.9296299213
48.9764330709
35.6107637795
26.4690314961
25.5148897638
36.7532519685
41.4331889764
25.5651574803
26.1289370079
35.6394251969
28.937503937
27.3405275591
34.9125590551
35.1461968504
27.9126507937
41.5316507937
28.0918346457
25.5381968504
46.0215354331
37.3054409449
49.6437086614
25.5906062992
21.775992126
47.2193307087
24.8766535433
43.8787322835
33.5708267717
41.553
69.1490314961
23.7976614173
29.3363700787
22.8766535433
30.1604330709
47.0255669291
36.0559291339
39.810007874
25.0902598425
27.5899133858
25.1861968504
22.0154251969
24.5206220472
24.0983858268
31.5790787402
27.3405275591
28.1557086614
21.676023622
47.865503937
27.059015748
23.252023622
23.9473937008
47.3239606299
35.2098188976
39.5033622047
28.7025433071
29.8966220472
70.5069365079	79.8779365079	24.6959365079
32.1493464567
27.5868492063
27.0548582677
24.7409685039
41.5746692913
35.8875511811
32.8662598425
25.5974094488
27.5057460317
64.6097460317	68.3907460317
63.3172204724
114.725913386
23.3363700787
34.8457244094
25.3833174603
30.0263174603
37.1856929134
25.3123070866
28.7222598425
23.0160551181
27.5148897638
23.0961181102
29.9536929134
25.2126535433
28.1383858268
27.9098503937
23.133976378
25.0839606299
28.2205275591
24.5586692913
29.7559606299
57.2352047244
24.5653492063	48.8623492063	70.6473492063
25.0193492063
22.8233622047
42.8719291339
117.674637795	42.0316377953
25.1417874016
30.4188267717
25.5078976378
27.3110472441
36.3856929134
22.7111732283
29.2792362205
27.9291259843
24.7152047244
32.4014409449
29.1724015748
23.3182913386
31.1807936508
26.0308582677
23.0784173228
22.6958661417
26.345503937
38.4812539683	50.8802539683	27.0902539683
30.2652539683
25.6796771654
94.7431102362
46.8137874016
89.7899133858
42.2508267717
37.0204015748
52.9433888889	36.8653888889	47.4753888889
28.3307301587	32.2197301587
37.1967795276
26.4306692913
23.1245275591
24.8268267717
96.7047480315
28.0990787402
25.9170314961
42.5381825397
37.6861825397
80.4639291339
29.6151102362
29.3441811024
24.1045590551
30.9258503937
24.7055669291
56.6483070866
26.9133779528
26.5963385827
27.1237086614
47.7712047244
26.715519685
41.5226377953
31.6143543307
28.7633937008
22.4677716535
26.7012834646
27.1307007874
25.7167165354
24.2585748031
54.251519685
50.231992126
59.1020393701
26.0245590551
25.4748897638
31.4560551181
35.870480315
31.417503937
34.5124330709
34.9106062992
52.315015748
26.0403070866
58.2311102362
28.1004645669
26.4239291339
28.969515873
40.273515873
33.2205275591
26.3361811024
35.3801496063
32.2775984252
28.5206220472
28.799992126
25.1591102362
24.654480315
33.0016299213
37.0682125984
111.458700787
31.7027952756
55.7477086614
54.0597716535
30.1484645669
23.2831417323
111.594928571	22.7729285714	73.2369285714
41.2895669291
23.7462598425
41.5318976378
34.8870472441
26.8111417323
32.4390472441
38.1155826772
28.0230472441
26.2028897638
26.1797716535
26.862984252
39.0597086614
22.9264173228
31.9887165354
52.7843070866
27.3832992126
30.3016614173
32.1590472441
25.5327165354
23.0010629921
35.1278661417
28.9032992126
25.8650314961
88.3730314961	48.1590314961
22.8772204724
42.2882440945
36.1031732283
23.7842440945
30.6691574803
35.2019448819
41.8213464567
30.9190472441
46.1182283465
33.7577874016
29.3233307087
25.0504488189
37.1886535433
40.4167480315
23.3621338583
27.4061653543
23.466511811
37.1432362205
29.3975984252
30.1155826772
49.6359606299
35.1180393701
34.4043385827
36.981976378
22.9134409449
30.1385748031
28.2654409449
60.2656299213
31.0076299213
33.1840551181
28.7795826772
23.0532204724
27.3205590551
25.9491574803
66.8550472441
26.3878346457
28.5536929134
27.216496063
28.973976378
23.0851574803
31.6282755906
35.8136614173
24.4007480315
23.7919291339
28.0633622047
51.3756771654
39.2988897638
26.4178188976
28.0684645669
28.2706692913
24.5901653543
29.4976929134
23.9742283465
26.8245590551
24.1620708661
28.2339448819
26.5251574803
51.3405905512
23.9865905512
49.8166220472
117.576622047
25.7182913386
29.523519685
25.1428582677
126.955834646
36.238984252
56.1332204724
50.1673622047
31.3201811024
26.3790787402
26.7004015748
22.1398346457
24.3439291339
88.7918661417
32.1978661417
26.1681666667
24.1181666667
27.5756141732
22.5956456693
34.9521181102
27.8427007874
56.7453779528
26.4941653543
40.3576614173
24.6331259843
35.4850944882
50.452023622
29.3838661417
32.5611889764
42.618007874
23.3961496063
30.9673622047
26.5472677165
30.6529685039
47.9043700787
24.174984252
42.8108897638
30.6002440945
27.2010629921
43.6452204724
24.1382598425
42.2429527559
33.2988267717
43.1237716535
28.0491889764
36.8313622047
72.7012834646
32.409503937
36.7797086614
28.9858818898
25.7280551181
26.2041496063
60.4290314961
57.1550787402
37.7946377953
32.5165905512
49.2071102362
34.417452381
25.977452381
25.3694409449
23.5032992126
24.9212519685
29.8713622047
46.6221023622
24.0481023622
54.4227952756
91.2509527559
53.0417559055
23.0078661417
40.9862777778
71.2982777778
21.270480315
30.1575354331
57.7982283465
131.622543307
37.8333149606
43.843015748
30.3827322835
30.6298503937
44.5095984252
35.3655354331
23.6767165354
31.7778818898
24.694480315
25.9203070866
64.5090314961
25.626511811
24.3067007874
32.163519685
24.1946349206
23.1516349206
30.4229212598
86.500023622
24.8247063492
35.3547063492
53.7699448819
28.896496063
51.6375354331
23.8769685039
29.3247165354
34.4906377953
41.1061968504
30.3649685039
35.9043700787
30.8207795276
35.5494094488
33.9436141732
29.0053464567
74.510480315
24.6289055118
27.4656299213
25.2437716535
69.1863492063
72.0033492063
27.6607795276
55.2981968504
28.7767480315
36.6923385827
24.6188267717
24.8818818898
22.8161181102
66.4998976378
22.9791417323
59.1521181102
24.7116771654
30.3690629921
26.9822913386
26.6203385827
26.5253464567
79.913
25.8786692913
26.787015748
24.6217874016
29.5047480315
23.6374094488
30.5405275591
27.9102913386
30.9815984252
34.1541338583
28.0050944882
22.1870787402
24.6107637795
24.5462598425
36.4155511811
26.5443700787
25.2813149606
30.9574724409
34.2933464567
27.8758976378
25.3038661417
28.9125590551
43.4567480315
70.0718031496
25.3430472441
38.2798031496
64.9259133858
26.009
25.8345238095
38.4415238095
24.3728425197
34.4925275591
30.8328740157
63.7773149606
23.6793622047
22.7603070866
51.058511811
35.3743543307
39.0168740157
57.2347637795
38.8171259843
29.2898818898
25.666511811
25.040496063
33.4387322835
26.0546692913
87.6049685039
33.282007874
39.7777559055
33.7473937008
24.2215354331
28.7712677165
49.7603700787
24.3383228346
29.1255354331
53.2455952381	54.8075952381
26.5205952381
32.7816614173
29.377
25.0457874016
30.354511811
34.8878661417
24.7962125984
25.190480315
31.9329285714
28.6909285714
46.0459133858
34.3503543307
25.2414409449
35.6281496063
30.0418188976
43.7067637795
40.9706377953
32.8166220472
26.1304488189
23.2182598425
35.3057559055
23.4605905512
23.3817874016
42.4069212598
57.6014409449
23.3221968504
29.0819448819
30.6421338583
48.9730944882
44.3930238095	65.6030238095
27.4341338583
25.3725905512
27.7761181102
25.2836456693
28.6597716535
28.5877716535
31.6619133858
22.4215354331
24.4093149606
44.7116771654
69.597976378
40.7440551181
28.2047795276
28.393576
82.742576	56.208576	56.819576
33.1654094488
32.7078346457
23.3992992126
33.3743543307
24.2020708661
28.9863858268
22.6087480315
33.4779133858
29.5577244094
27.2573149606
28.3270472441
43.4932834646
30.4011259843
32.1315826772
25.8370944882
30.0802440945
41.5717142857	31.9287142857
29.6635511811
25.1428582677
27.2913937008
25.3046850394
73.3674251969
29.9107322835
32.8391023622
89.7421023622
40.2268897638
32.944496063
23.2272047244
46.7899133858
26.3642125984
24.3748582677
45.0768425197
26.8791102362
28.9724645669
23.9566535433
36.417
31.8503858268
36.3970944882
66.2268897638
116.035456693
22.7052519685
23.6272047244
28.0324330709
43.3599291339
25.1383228346
22.8751181102
75.3521181102	27.9731181102
27.1317716535
26.2178188976
60.0269527559
43.628023622
23.834511811
43.1240866142
23.6638661417
37.4040866142
63.0436456693
36.7694409449
26.3303858268
36.3302598425
29.1417874016
43.4799291339
35.3205590551
27.0361496063
30.8547698413
92.2447698413	122.678769841
25.1481496063
23.9508582677
32.9028582677
26.0156771654
28.782480315
29.7606220472
29.2854094488
32.6442125984
23.4898188976
24.3258503937
51.6241811024
36.2430787402
22.2879291339
43.0379133858
37.1793937008
56.9912992126
26.5157716535
44.2147539683	40.3147539683
39.247488189
28.5725905512
25.682047619
30.8119606299
23.5265433071
31.3374409449
29.0295984252
27.6961181102
38.5752992126
28.7106692913
28.0559291339
26.1477086614
77.5003385827	31.5963385827
25.0644330709
29.5584173228
27.272496063
32.0695984252
30.949976378
22.8681496063
35.9371259843
28.0501968504
41.9657244094
23.8336299213
36.848496063
35.4564330709
32.6581338583
25.7827952756	67.7427952756
25.1608740157
41.8091259843
37.5957716535
26.8227322835
52.041
123.680622047
34.3209370079
28.6511417323
24.4896929134
32.7158976378
27.8551102362
28.1075826772
24.586511811
65.471992126
35.0491889764
27.4331259843
30.2416929134
27.5251574803
51.8987637795
29.6747637795
31.0044645669
30.9246535433
36.7506692913
25.5414724409
26.7463228346
48.4563700787
26.6844015748
28.8431417323
26.907015748
29.6712992126
46.407992126
58.0808968254
39.7388968254
27.6217874016
28.6767165354
48.9735984252
28.7137559055
21.7199291339
29.7734724409
26.1492834646
76.4354566929
30.8421968504
25.7150787402
29.9753622047
29.2018582677
69.1748582677
46.9574094488
30.085976378
43.6033968254	43.3763968254
35.1867637795
22.5701338583
24.8918976378
36.2040866142
32.8878661417
31.3794566929
29.2279606299
37.668023622
51.2618174603
32.5878174603
35.9257244094
36.1564645669
26.1400866142
23.3735354331
24.7727165354
105.95211811
30.2028267717
34.6592047244
24.8690944882
32.022480315
29.609503937
56.4012519685
26.3442519685
29.1290629921
22.9493464567
23.1654724409
34.1155826772
35.6038976378
30.5192362205
83.1704488189
26.7263543307
27.2201496063
35.1024173228
33.5715826772
44.850511811
29.234007874
41.0433307087
30.352496063
105.995444444	88.9904444444
29.3519291339
31.5165905512
26.6187007874
28.5892834646
37.6866692913
24.9122440945
24.2416929134
30.9765590551
34.5526220472
23.6282677165	53.0672677165
23.6221023622
34.0413779528
23.530511811
33.5796535433
63.5886535433
32.5215669291
28.3990472441
33.9268582677
58.2862283465
66.1266746032	42.7366746032
23.8472362205
32.2194566929
31.4981968504
22.9943228346
23.8347637795
24.282007874
26.6847165354
54.7182913386
63.4447795276
23.2637401575
29.7703228346
26.0297874016
32.8314251969
35.2881181102
29.101976378
28.2942913386
58.9971269841	35.3961269841
35.4554251969
33.0157401575
40.2266377953
26.4692204724
28.5838031496
29.2654409449
22.8323700787
57.9129370079
23.2191417323
37.4988267717
35.7927480315
29.9269212598
23.6668897638
32.2026377953
56.2744488189
86.8717401575
32.1992362205
24.6046535433
34.4855354331
37.8086220472
54.6358976378
30.0547952756
25.6313095238
30.5933095238
26.3276141732
72.5628897638
27.6413779528
24.6963070866
32.0501968504
23.9511102362
25.7446220472
32.2886614173
88.9496614173
21.5577874016
26.3941968504
23.998984252
25.9587301587
33.8257559055
27.495992126
30.3654094488
38.0523385827
27.9421653543
29.6565590551
23.6581968504
24.7603700787
37.2891259843
47.6849685039
88.2520866142
41.1613149606
34.9606850394
26.7237716535
74.4920952381
46.0650952381
110.204590551	46.7635905512
26.8819448819
27.7350472441
31.1826062992
32.8040866142
34.0135354331
22.7888425197
46.3994251969
32.3975984252
37.8312362205
27.3739133858
23.4827637795
32.685976378
35.3431732283
121.999740157
37.8779133858
28.9763700787
25.4312992126
43.9213149606
44.4124015748
26.4692204724
29.2873622047
40.6286535433
31.6183858268
49.1390787402
27.9526220472
30.7706377953
24.3763070866
24.8689055118
23.3046850394
25.8107637795
51.345
27.4178188976
33.3744173228
24.5238976378
32.730007874
22.763519685
34.2391732283
33.3746692913
22.7759291339
30.8534724409
40.3165905512
23.8531574803
39.1619448819
29.3146377953
23.3676771654
30.3223858268
58.831992126
50.7585433071
43.3225748031
35.6484330709
32.1496614173
28.209503937
24.4821968504
56.9487795276
25.5236456693
25.7460708661
33.5884015748
25.777
29.4527165354
25.4986929134	70.2496929134
27.6016299213
30.4304173228
51.9312677165
23.0631732283
32.417503937
28.8405590551
35.8816299213
45.663007874	39.734007874	80.258007874
24.1414724409
34.4926535433
21.8706062992
30.9454444444
25.2404444444
34.7373779528
24.4406220472
30.9623858268
23.8690944882
39.198984252
23.9050629921
32.2212834646
24.9903543307
23.9951968504	56.6901968504
31.1592992126
38.8943543307
44.7303858268
26.4829527559
33.9409055118
64.2981968504
78.4264920635
67.1734920635
31.2170629921
35.8817460317
41.3187460317
28.7054409449
34.6891574803
71.1891574803
27.7912992126
27.1606850394
39.190984252
33.4188253968
33.6711732283
30.3906062992
47.9901653543
32.0983228346
31.0000551181
32.2891259843
28.2076771654
37.5276141732
25.0668897638
32.6323070866
24.8642440945
26.2339448819
27.0573779528
38.7856929134
42.882007874
24.4639291339
22.0774724409
44.221976378
39.5501653543
43.229976378
27.2874251969
39.2813779528
28.9349212598
27.3992992126
28.846984252
28.0088110236
39.9793307087
93.3799606299
26.5414094488
38.2098818898
38.9257222222
36.9197222222
27.4009370079
42.0255669291
39.8500708661
34.4788582677
24.2605952381	22.8405952381
44.4253149606
31.7168425197
32.0375984252
23.6023228346
23.2050314961
35.9920551181
23.9507952756
61.9981023622
25.4481811024
99.5467007874
23.1127480315
48.9347322835
40.3655984252
25.9887244094
46.5497244094
24.078480315
23.6146692913
31.2985748031
32.3121811024
26.1298188976
60.182984252
37.8198346457
45.6153779528
116.217377953
29.6207165354
26.2912677165
43.5562755906
23.3051259843
147.54718254	145.10918254
25.2406850394
35.0121496063
22.1705748031
72.384496063
41.5422913386
28.4936614173
41.7692519685
26.5725275591
30.7319606299
44.1394566929
22.2742598425
47.8902598425
42.1794566929
22.2898818898
39.071992126
24.2357716535
40.2775354331
111.952433071
76.8551269841
62.6741269841	43.7821269841
25.4900708661
67.3148897638
25.190984252
31.6214724409
49.3192992126
164.162007874
34.9861338583
33.674511811
25.4527165354
39.3187952756
49.2172519685
61.1627007874
32.0427007874
99.4166850394
30.2733149606
26.1092204724
25.1543858268
22.6847165354
23.7164015748
30.4821968504
26.6183858268
23.7501653543
23.8648110236
29.2794251969
25.3896614173
63.727992126
22.3856929134
31.6319291339
25.4381653543
42.2511417323
37.1402755906
27.7540708661
31.3673622047
30.0296614173
23.7101653543
25.721
28.1334724409
29.8741968504
23.9948897638
33.0125275591
30.5586062992
23.1461338583
26.2394251969
22.2098818898
26.7661653543
22.3046850394
26.1174724409
32.2720551181
30.2741338583
34.4621653543
25.1570944882
25.3804409449
133.977440945
38.9592992126
25.594511811
59.9379448819
26.555519685
37.5559606299
25.0649370079
31.3610629921
51.2653149606
67.4386692913
34.9152047244
36.0390472441
39.727992126
30.8677086614
38.3521181102
26.2766535433
26.2091889764
32.9623858268
24.3778818898
28.0403070866
29.1794566929
34.6610314961
32.017503937
24.0466062992
33.0909527559
22.156023622
28.8329370079
46.0798661417
22.2437716535
33.6402283465
67.5182283465
38.5851259843
29.9688110236
89.4517716535
73.2549212598
32.3158976378
25.4451574803
23.7347322835
34.4016299213
37.4331259843
22.5823543307
27.1863228346
75.0476031746
145.006603175
25.7458188976
23.153503937
25.8050314961
29.5531889764
44.5601181102
39.531519685
35.0890629921
29.4320551181
52.7843070866
29.4935354331
32.8779133858
25.771519685
25.3463858268
36.3672992126
39.3975984252
23.5170314961
54.1418503937
42.9269212598
27.9788267717
27.753503937
25.2168110236
32.022984252
23.846984252
24.7379448819
51.1715826772
25.3623858268
24.9415354331
27.0289685039
25.4030787402
45.4122125984
30.0940393701
23.8292204724
33.2098188976
52.0216614173
26.5805905512
32.0704173228
38.2452204724
24.9050629921
26.5322125984
27.6574409449
23.7583543307
53.7300708661
30.1411574803
24.9032992126
32.432952381
25.553952381
34.2965590551
24.5085275591
25.2813779528
24.5058818898
27.0316771654
39.0811889764
30.1396456693
84.9008425197
26.4823228346
25.9841811024
29.5822913386
28.7158976378
25.0598976378
26.5201811024
23.3082125984
33.319488189
44.0132204724
25.0130944882
24.6502598425
23.8898818898
32.9530629921
24.0042755906
25.603015748
35.6119606299
24.8103858268
22.7510472441
36.5654724409
26.1215669291
26.4689055118
51.6434566929
24.6991417323
28.4333779528
33.8861653543
31.5172834646
22.3361811024
23.6529055118
23.2547322835
65.8070472441
30.5790787402
21.7917401575
24.9881496063
44.1225748031
25.0025748031
26.9894724409
28.3233307087
27.6652519685
25.0308582677
34.0844015748
71.8837086614
36.6272677165
24.7431732283
24.2539133858
27.2445905512
27.7519291339
55.7787007874
23.4535984252
27.1652204724
66.6672047244
39.2392992126
22.8736929134
22.842511811
51.5084015748
31.9366850394
56.9557222222	41.3697222222
27.050007874
27.8994566929
32.6772834646
129.773283465
25.533976378
44.1935669291
29.2891259843
31.3962125984
65.768504	70.139504	62.957504
26.3417874016
24.635015748
25.8282125984
30.2692204724
24.5878976378
33.2876771654
29.589976378
32.923519685
23.6119606299
33.8502698413
55.4972698413
76.2549212598
45.2598976378
34.260023622
33.8435826772
25.719488189
22.3652834646
22.5152047244
46.6073622047
35.7939444444	34.1839444444
49.9729685039
37.0302283465
26.4268897638
22.1291889764
39.4060393701
24.1092204724
27.4813779528
23.6495669291
22.9397716535
24.8021338583
39.5737874016
26.9847480315
27.603519685
38.5078346457
29.0946692913
24.7003385827
57.0347007874
24.3778015873
23.3178015873
31.3454409449
28.8295354331
31.4875511811
24.0250555556
159.220055556	167.156055556
26.6990787402
28.3112992126
27.896496063
59.8098818898
26.1620708661
34.6639291339
23.5420393701
22.628023622
31.5291889764
34.4867322835
21.7058818898
31.7879606299
24.3660393701
25.761503937
23.1937559055
29.1914251969
64.9583543307
23.1358031496
20.9014724409
25.0777244094
25.2530944882
71.4457244094
24.5501653543
26.873
45.6045275591
25.9898503937
28.6338188976
36.4455984252
29.6129055118
27.0471732283
69.4410629921
31.5558346457
33.9125590551
25.3118661417
40.2046535433
29.7848740157
31.2455984252
38.1828582677
36.6782283465
22.927488189
34.1629527559
24.8513307087
37.6858650794
28.5218650794
53.8135354331
34.1477086614
34.6237401575
57.4414409449
25.6217244094
45.8991417323
53.2800551181
26.7170551181
33.7717086614
39.3089055118
26.9408425197
27.3336614173
24.9181653543
52.7475826772
33.8093779528
33.4243095238	27.0483095238
27.4273307087
79.8032677165
29.8791102362
37.0772834646
22.153
24.1314566929
23.5428582677
29.7974724409
27.2650629921
24.1303858268
38.0568740157
25.1082755906
26.107015748
32.9330873016
24.8741968504
31.2132204724
31.1042063492
57.4412519685
28.6263228346
42.2006850394
24.7187952756
120.565031496
28.9313937008
23.1831190476
25.2971190476
25.0856614173
26.1081496063
140.133472441	31.8144724409
24.1800866142
23.7912362205
28.1784488189
44.6116456693
26.002023622	93.924023622
29.3888425197
38.8992677165
36.4697874016
25.3060708661
27.3230793651
36.6056614173
23.7219055118
97.3969055118
65.2401181102
78.1004645669
33.2164645669
24.5557716535
41.3751732283
45.8374094488
25.3689370079
30.811015748
29.8306692913
24.851015748
40.7137559055
44.5669212598
29.6116456693
41.7449370079
40.0362755906
24.1104173228
59.8464173228
38.5011574803
25.8421968504
29.0484365079
36.1844365079
33.0247480315
30.075519685
24.1266062992
28.0607165354
49.730511811
28.5257874016
31.7291889764
31.9415984252
22.9511102362
45.9209370079
32.1732834646
49.686984252
60.6511417323
28.228023622
24.8129055118
28.8693464567
25.0141023622
25.5398976378
27.2815669291
34.6407480315
28.1765590551
41.2428267717
52.9822913386
55.4981968504
33.0893779528
56.251519685
28.8093149606
37.3983543307
97.806984252
26.3207480315
28.5810314961
23.8199606299
28.0630472441
39.981452381
24.653452381
23.806984252
34.1041811024
27.7559606299
29.7080079365
26.8460079365
36.8174409449
34.5882755906
34.8190787402
33.7547637795
22.8971889764
44.5871417323
42.1312047244
33.3734724409
23.1246535433
27.1102913386
26.216496063
33.3169055118
29.2627952756
21.8388582677
24.6156771654
40.8792362205
31.2791732283
33.6142913386
26.3521181102
55.1123700787
27.6069212598
25.1489685039
32.1031732283
22.1516141732
30.4958031496
24.914511811
35.7107952756
26.5107952756
26.3858188976
31.8076771654
24.0547952756
26.2588888889
33.4460393701	67.0940393701
28.4584488189
24.6310472441
28.4934094488
126.187645669
36.0687795276
23.370007874
28.3541968504
41.5971574803
63.3827322835
28.3294409449
32.9872047244
23.8338188976
39.3660393701
24.5116771654
25.0517716535
27.1168425197
34.4035826772
31.9415984252
25.0731259843
37.3797086614
28.5151417323
25.222480315
29.5558346457
26.3464488189
31.7712047244
29.6297874016
29.4307952756
26.6758346457
35.5357401575
103.683330709
24.1696929134
33.4847795276
25.7340393701
33.1596141732
42.9686220472
35.7465748031
32.2658188976
24.6067952756
28.1806535433
32.5139448819
25.1223858268
33.3333464567
31.3034251969
45.3431102362
23.3044330709
32.0997086614
25.555519685
28.2203385827
45.879992126
24.2168503937	70.0938503937
59.0711732283
38.897
23.3248425197
60.3179133858
28.1825555556
30.8735555556
40.4784173228
41.4390472441
35.8199606299
43.656496063
40.5957716535
25.7397086614
123.080874016
38.0123385827
23.7260393701
25.1062598425
43.5495354331
64.8621653543
42.4952362205
23.2198346457
43.6988267717
33.9860708661
22.9422283465
25.3405905512
25.8153622047
22.8560551181
37.5148267717
31.1629527559
62.5825433071
25.6630472441
26.5513622047
25.3701338583
60.5586062992
26.2010629921
30.8347007874
33.2007480315
26.1477716535
33.1864488189
25.2283385827
54.0645590551
24.5251574803
27.2302283465
31.674511811
41.1126850394
29.6656929134
62.1479606299
33.3510472441
24.6723700787
26.2137244094
38.2158031496
29.8917086614
27.209503937
35.4781653543
37.0968174603
60.5048174603
28.2541653543
34.6847165354
22.7345433071
46.4145433071
24.2803700787
36.4461653543
22.4845275591
27.5192362205
27.6614724409
27.7928740157
30.790480315
23.9838031496
58.275015748
29.4081811024
35.1019133858
34.9903543307
24.5671102362
25.4487480315
35.492023622
31.9893464567
33.1468897638
37.8354761905
30.2434761905
47.6104761905
38.4821338583
73.3473937008
31.5015354331
40.0511417323
34.5342913386
23.7683700787
35.0572519685
24.1489685039
125.157472441
28.0075511811
39.0607795276
41.7518661417
43.3846850394
36.1227637795
37.6378503937
23.1911732283
27.4878661417
23.1214566929
80.5874566929
73.6295984252
60.6006850394	29.3616850394
27.3757401575
23.6413779528
22.9616929134
23.7192992126
32.4112677165
25.7946377953
65.2406850394
33.303992126
26.6718031496
30.2729370079
35.1181023622
32.2743228346
25.9288740157
27.0704173228
25.0009370079
30.6538503937
41.1521181102
31.0867952756
30.2126535433
36.0257559055
22.8240551181
25.4702283465
27.0865433071
40.5405275591
23.9211889764
29.9823543307
31.0494409449
33.8928425197
30.6574409449
32.2122125984
56.7627637795
31.1416614173
24.5008425197
31.7895984252
23.7782598425
23.7087165354
31.9950787402
29.593984252
55.534984252
92.8174409449
69.4318031496
39.1085905512
24.0940393701
27.3989212598
30.2491889764
27.3673622047
24.6364645669
43.535488189
25.4725590551
24.895992126
48.1950787402
66.2484330709
31.918984252
27.517976378
25.0847165354
26.6828267717
54.4883700787
29.5427322835
50.5127480315
31.4295984252
24.1547007874
29.3158976378
28.1654094488
27.7426062992
22.2719291339
33.8376614173
22.1886535433
29.5418503937
22.4385433071
24.9721496063
25.8436456693
31.3762440945
45.5998661417
23.441
49.1089685039
28.7656614173
27.7211259843
23.5451259843
33.6328740157
29.8648110236
24.6290238095
24.3253464567
24.9339133858
36.9397716535
56.8660708661
27.9963385827
25.1307007874
74.5178503937
27.4850944882
25.9134409449
31.9546377953
40.3087165354
25.2255669291
27.359992126
25.3818503937
26.4678976378
35.7431102362
28.5948897638
65.3445590551
27.3143228346
46.3298818898
66.6286535433
50.7502283465
29.1621338583
36.3880866142
30.1241496063
24.6512677165
29.4054094488
44.2108267717
23.834007874
31.3543858268
23.4448425197
25.0623543307
23.9841811024
40.3458188976
25.5271102362
23.4720551181
68.2565590551
44.1965275591
26.6263858268
24.4022222222
38.090511811
27.5494094488
22.9224015748
40.7164015748
35.9995511811
25.0209685039
37.8078031496
28.7431732283
72.8126535433
66.1184173228
28.0978188976
31.0289685039
25.9652204724
45.5252834646
59.1360551181
28.1895984252
28.108023622
25.7725905512
62.811015748
26.4859133858
23.0682125984
38.499015748
56.2349527559
24.5026692913
22.9527380952
30.5871417323
37.4298503937
76.4488110236
29.2506377953
28.958984252
35.1084645669
27.1449370079
27.9931889764
27.7597401575
22.800496063
26.0603385827
38.207488189
31.6567480315
25.2182598425
27.9018503937
29.824496063
92.0054724409
37.580023622
23.4399291339
32.4062283465
60.1276771654
27.0189527559
24.8184126984
27.8414126984	32.2524126984	22.9384126984
47.744496063
31.5559444444
29.2896929134
25.7478976378
91.6003070866
32.3922440945
43.2649370079
27.2862283465
29.6951732283
25.6120866142
48.879992126
57.2854094488
29.7262283465
25.4881181102
65.6142283465
25.4854094488
32.2516456693
24.801976378
74.533976378
96.9997401575
41.1386377953
26.3166535433
34.3543858268
32.5587322835
46.2993937008
25.1284330709
29.14384	27.76784	34.66084
40.3701968504
27.5980393701
29.2488740157
24.4936614173
34.6209055118
58.3147007874
23.897
28.0342598425
32.7505433071
32.4611574803
28.9864488189
28.6853464567
26.5133149606
43.8828267717
22.6849055118
29.4312992126
45.9181023622
24.0432677165
37.342984252
23.1928110236
45.4792992126
27.002511811
110.779708661
25.3656614173
32.2442755906
24.250511811
29.1940708661
52.8922125984
32.7050629921
24.8896299213
26.2581968504
25.7435511811
34.8733779528
51.7278031496
25.4041031746
23.4501031746
28.4346984127	27.5596984127
32.3582283465
27.146511811
32.2733779528
30.1175354331
23.1934409449
39.9918031496
29.9505433071
33.1649055118
22.9683700787
24.9741023622
37.354511811
34.5715826772
28.2665748031
34.9638346457
39.3568425197
84.8083700787
25.0740708661
21.7870787402	72.1950787402
71.8073622047
32.2026377953
31.7062598425
42.1541338583
25.5744173228
25.6861023622
25.5751102362
29.9575354331
38.0917716535
32.2027637795
24.1393307087
22.0753307087
26.1055669291
39.3327165354
28.6341968504
27.7378818898
37.5393307087
24.1320866142
41.6450944882
46.6117716535
31.6353937008
48.1332204724
44.6096929134
26.0833937008
40.3683070866
35.139519685
25.5351732283
23.2910787402
37.714007874
23.7118661417
29.1499133858
34.4819448819
25.0416299213
27.2816299213
30.7798346457
32.9097244094
69.3793095238	103.861309524
33.4913095238
33.0516456693
31.6101968504
24.5629527559
22.5845590551
23.7903543307
24.1411496063
54.1001496063
24.6752677165
26.6573779528
26.5721496063
29.0353937008
40.4646850394
27.3101023622
86.3993622047
29.9735984252
43.8952362205
24.3611889764
29.1863228346
28.5469444444
32.6709444444
22.346511811
50.5372519685
34.9861338583
29.5479606299
30.6029606299	138.17196063
63.6293464567
24.7168425197
31.3458188976
36.5450629921
32.5711417323
50.5616929134
25.1181023622
22.9004015748
62.4308582677
35.5713937008
27.9805905512
24.6765275591
32.1965275591
51.634484127	53.196484127
26.982480315
29.9575354331
38.510480315
28.6971259843
23.6263650794
43.8285275591
22.7018503937
60.3988582677
29.1552047244
35.1004645669
31.9665433071
27.0547952756
29.1324015748
51.7882125984
33.1853149606
28.9552047244
40.2398031496
22.8408740157
55.4646220472
22.5893412698
29.3154566929
31.0524645669
85.3661023622
37.8357716535
29.4689055118
33.8872362205
98.4896929134
23.3456929134
30.1788267717
23.6036456693
26.2806850394
36.9947637795
83.8346377953
29.3303228346
81.6912677165
32.5105433071
35.9437301587
57.9107301587
30.503488189
23.6328740157
22.6287795276
31.3221968504
31.8666377953
48.7317086614
56.7912992126
31.715519685
43.1282440945
31.3834251969
85.7851259843
38.3112992126
47.0763385827
29.0381023622
29.9814724409
29.7477086614
31.7164015748
33.0910787402
25.7230787402
26.6236771654
25.4017559055
28.3561496063
25.7005275591
29.7264173228
22.9737244094
33.719488189
27.6101968504
22.7717716535
22.7185433071
33.0138503937
25.9718976378
23.9645275591
26.2317401575
33.8471102362
56.6174047619
56.1554047619
29.7634047619
40.2872992126
60.195015748
27.3325275591
29.8935984252
23.2204645669
25.440496063
24.6437539683
28.7577539683
45.5058818898
23.301976378
24.7164920635
30.4994920635
24.2798661417
27.2061653543
25.7325905512
28.1306377953
27.2564330709
26.7305748031
22.9592992126
41.5890944882
95.6610944882
49.2103858268
46.7706377953
44.6565590551
34.0074251969
76.547519685
33.3059448819
42.9151417323
23.7879606299
39.3363700787
25.5874566929
27.7951417323
24.1837401575
32.5508582677
138.87980315
28.5872047244
22.9123700787
24.3238976378
30.2988897638
33.4218503937
27.1543858268
23.5293779528
32.7291889764
28.0718031496
25.1270472441
29.9547007874
27.1002440945
49.9602440945
24.2329370079
41.3646535433
79.3686220472
22.8364645669
32.6408110236
25.0765275591
49.9602440945
100.949598425
30.8584488189
70.5767480315
26.7137480315
55.8633622047
35.9151417323
25.6568740157
75.4526535433
24.417
30.6722440945
86.8957401575
26.4804330709
24.7916141732
31.9387637795
24.0026377953
38.3848740157
30.1704488189
30.4311732283
29.1719606299
34.8036456693
30.5547637795
29.7912362205
43.3148897638
23.3928740157
24.5801496063
26.9347322835
35.0787952756
29.3587952756
22.8807480315
31.5157086614
27.007992126
31.0580708661
34.250511811
26.1625748031
29.0615354331
32.4406220472
21.238984252
36.2315511811
27.5907322835
29.1507322835
25.0156141732
23.759488189
23.9614409449
26.1573809524
49.9245905512	24.6795905512
28.8857244094
35.6623253968	30.3643253968
38.4896929134
39.7369370079
25.171015748
77.0511417323
33.2228582677
36.611519685
61.1987952756
31.519992126
32.3413464567
38.958480315	87.894480315
33.0649370079
55.5712047244
41.5162755906
56.2434566929
26.0855984252
24.897
23.0343543307
63.9023543307
26.3402755906
58.5703228346
38.7958346457
33.6402440945
25.7410944882
27.2667460317
39.8857460317
35.5591102362
37.3404645669
35.2809370079
62.8875511811
24.7024173228
27.3776299213
27.4837086614
28.5252834646
31.1278031496
32.1991111111
26.4161111111
52.2298503937
33.3611889764
30.7316456693
24.8503228346
26.8636141732
29.4126535433
33.4168740157
27.6496299213
29.916023622
24.2187637795
32.8764645669
25.6467322835
28.3562125984
28.9815984252
22.7366220472
27.6761496063
25.769
25.1987952756
28.0202755906
28.2083070866
42.1031732283
27.0935354331
23.741
32.3122440945
25.5091574803
35.7926220472
32.9501023622
25.4618503937
23.846984252
32.6827637795
27.4211574803
26.1147637795
26.9487165354
57.234007874
42.1446850394
26.9001496063
30.119992126
65.240496063
49.3195511811
44.2937874016
45.3807165354
33.7420393701
24.0838346457
38.0917086614
25.4466062992
25.9845590551
39.4705433071
27.0504488189
27.9908582677
40.9603070866
73.4348897638
41.4320551181
61.7026062992
25.2989527559
61.2328110236
23.7073937008
30.8713622047
30.668023622
22.9120551181
32.0044645669
27.4391732283
26.1936299213
32.2579448819
32.7601811024
32.0636141732
35.3752992126
29.618832	27.984832
34.791832
26.490984127
38.137984127	37.060984127
33.4960551181
24.2853464567
32.3218188976
26.8070472441
22.6367795276
31.0920866142
36.572023622
32.1400866142
32.5559606299
30.1390787402
22.4619133858
37.7458188976
28.3869527559
70.4936614173
26.7475826772
31.1783228346
28.7000472441	52.0390472441
23.492023622
36.8915826772
26.8772204724
32.9548503937
28.2998503937
95.6458503937
39.1079606299
37.3388897638
28.4372834646
27.2650629921
32.7323385827
29.4575238095
47.2656299213
30.4512677165
33.4331259843
25.2103228346
26.9094724409
29.8306692913
32.4539133858
28.9130629921
27.5430472441
27.6934094488
32.2496929134
28.1078346457
24.6720551181
34.1284330709
24.887992126
24.1841181102
42.4743858268
38.7800079365
60.4940079365
30.2334409449
48.0052204724
23.3247165354
25.2260708661
41.3182283465	77.8622283465
33.6666377953
22.6262598425
55.0689055118
27.8183228346
23.5620708661
24.5775669291
29.986511811
40.4612834646
31.4190787402
29.8719291339
28.3034251969
41.3473937008
56.6816929134
39.7653464567
23.9684330709
27.7948897638
26.3139448819
22.5069527559
25.4112460317
34.3892460317
23.4567480315
22.6010629921
21.743992126
34.3067637795
24.4006220472
27.5332204724
28.9052519685
28.603519685
59.655744	48.542744	47.001744
28.3760551181
28.5686850394
25.2234251969
62.9908582677
40.5327165354
38.3909212598
41.5734724409
24.6500708661
22.893976378
60.7853149606
27.7211889764
27.654480315
23.9575354331
32.7906062992
23.2434015748
62.0924015748
29.7046220472
35.0393622047
42.8530314961
24.2733779528
32.6976929134
55.7953307087
23.3079206349
24.681503937
28.3642125984
35.9927480315
24.9299448819
27.724023622
56.4011889764
33.6686535433
34.1792677165
27.2933464567
26.9889055118
30.7245905512
33.4067952756
55.1443700787
25.0130944882
25.8189527559
26.5733464567
26.2515826772
80.3660393701
30.0529055118
47.402511811
46.3981653543
46.4435826772
34.2757716535
32.4093149606
26.2126535433
22.7247165354
36.5713937008
26.7067637795
30.9102913386
23.7767480315
32.0072362205
27.5871417323
24.4776614173
25.3009055118
44.429984127	67.184984127
36.6907007874
26.0065433071
25.8107007874
23.9582283465
27.3483385827
28.1079606299
23.9829212598
32.3748582677
35.3666062992
27.2803700787
44.699519685
37.3322125984
31.384496063
26.8625433071
40.2588267717
32.458511811
36.5813464567
38.441
37.7586692913
70.888896	49.235896	47.350896
34.8499448819
31.2178188976
47.485976378
33.4809370079
29.8131574803
24.5401811024
65.5921811024
99.3858818898
76.2306269841	97.3306269841
25.2284015748
31.7431102362
23.7076456693
34.0217244094
36.9631417323
34.0388730159
54.8978730159
23.4374094488
25.8478661417
32.7531259843
23.0401811024
57.7618818898
22.5035511811
64.2952362205
24.7895984252
54.0980708661
45.6222283465
80.9379448819
29.0344488189
24.3350472441
25.9741653543
22.8243700787
27.7841811024
25.4069212598
23.4762755906
175.588275591
29.0214094488
26.9012834646
57.8008740157
35.2654409449
25.3993622047
49.1684330709
27.9330314961
26.4229212598
68.2835826772
28.4689055118
38.202007874
25.2020708661
31.3489055118
37.4901338583
48.9898503937
52.4811259843
23.8942913386
30.5330314961
25.4330629921
23.5741653543
35.4311732283
32.1053149606
24.8669527559
24.594007874
54.0492519685
47.5271102362
26.9278031496
40.1520551181
29.9038661417
28.4253149606
34.4452834646
34.0391102362
24.6358976378
27.9213149606
35.5103543307
23.2862283465
23.3877716535
23.4605905512
34.9507380952	40.4327380952
29.7792047244
45.0123385827
27.1547637795
43.0052204724
68.0847795276
37.9202440945
84.0380396825	47.5200396825
25.4760396825
39.3739133858
24.0918346457
44.7626377953
24.4577559055
59.1446850394
25.9802125984
35.737503937
23.0661968504
141.417818898
56.3766850394
54.6442125984
30.9764330709
29.2098188976
23.7288740157
23.6518976378
26.233
21.9750472441
40.635015748
24.7536929134
23.2757936508
24.4587936508
59.458511811
60.5754126984
88.3664126984
40.3484015748
44.2810629921
43.8393622047
44.5017244094
25.3509212598
36.6581968504
47.1237716535
28.2808110236
23.5386377953
115.830669291
36.8609055118
42.1815984252
36.1591732283
27.4510787402
25.8816299213
59.3832992126
33.4938503937
33.4782283465
56.7490944882
31.4903858268
28.6535984252
51.2027637795
29.655992126
28.2509527559
55.8489370079
28.1020393701
34.0536614173
26.3416614173
25.0475511811
28.4291574803
27.7718346457
30.7010944882
42.7843070866
25.5492204724
43.8425748031
27.1289370079
29.7473937008
35.2307952756
25.6796141732
31.4567480315
24.527488189
25.2777244094
23.7038661417
27.2047795276
44.6929685039
25.7919047619
22.5649047619
54.6815396825	57.0525396825
33.7164645669
51.6498818898
30.4420708661
94.3638976378	33.0498976378
28.3303228346
33.5446850394
39.107519685
40.2201496063
34.939015748
34.5082755906
39.3218188976
51.5633937008
29.4364015748
27.9936929134
39.9821653543
24.0867322835
22.3294409449
47.9898503937
23.6707952756
33.4232992126
31.1017244094
29.7964015748
30.8799291339
25.6277086614
32.8449685039
36.1419133858
47.1909212598
27.9493464567
24.7227637795
52.2408110236
38.1698188976
44.1117401575
33.9886535433
32.5479606299
31.6507637795
26.9071417323
36.3478968254
26.013976378
63.9668582677
38.5725275591
32.8248740157
25.6660708661
38.4909527559
32.8893149606
22.9685590551
40.5963385827
22.9493464567
34.2832047244
44.9421023622
31.8736929134
30.654480315
28.5902283465
27.328496063
28.651015748
28.9902913386
32.5949527559
48.3572834646
38.578484127
34.044484127
31.4544173228
29.4333779528
33.577
25.7516141732
24.4216614173
24.6180708661
25.0135354331
27.6422598425
22.5058188976
26.4959291339
23.0682125984
38.824496063
23.8996456693
24.7458188976
32.0682125984
30.9635826772
30.5769370079
34.083519685
28.4697874016
24.2090629921
36.2303543307
24.3073937008
30.6556771654
42.4133464567
23.9443070866
27.3175984252
29.8270787402
34.3877086614
90.8563700787
25.8998976378
31.9741653543
31.314511811
27.1886535433
45.7306377953
27.5751102362
23.6686535433
20.9644645669
55.1917401575
26.7788897638
33.7086535433
31.4311732283
31.9916771654
32.9066377953
29.1770629921
43.1757401575
35.0867322835
24.1079606299
37.1890944882
41.3937559055
47.4744488189
24.771015748
28.996023622
31.135488189
25.1945748031
22.7491574803
30.8973149606
30.8135354331
29.6131574803
22.4095669291
29.4179448819
44.614480315
42.0528425197
25.7639606299
26.2126535433
30.7912992126
48.7870787402
47.8187637795
35.3678031496
25.593
23.3526850394
26.2145433071
34.0595826772
24.8721181102
27.534984252
32.7126220472
29.947519685
52.9552047244
29.2079291339
24.0783543307
62.6743858268	25.7533858268
27.0098188976
30.2541023622
40.2358346457
36.8051574803
39.4486850394
29.1530629921
46.7996141732
25.377503937
30.4832677165
31.5743543307
23.5831732283
62.2682755906
33.856496063
70.3322125984
35.0067322835
24.5170314961
28.5015354331
33.8091259843
26.894984252
26.7165905512
23.3909212598
40.5556456693
33.4113307087
37.2016299213
31.7481496063
31.7964015748
32.4605905512
30.0787952756
34.6234047619
107.492404762	124.512404762
23.3681811024
42.5828582677
33.4173779528
29.2988267717
28.3118661417
29.265503937
38.250007874
26.3295669291
28.9728425197
27.0777874016
49.6871732283
30.5948897638
42.4062283465
36.7814094488
34.2221023622
32.8385433071
30.4847795276
21.939015748
34.9456929134
27.7316456693
27.4720551181
52.3640866142
45.2062283465
40.6971259843
28.9293149606
22.9448740157
26.7144488189
23.0842125984
24.2966507937
57.3696507937	40.9386507937
41.5851259843
31.5577244094
28.4541653543
24.3595511811
26.8981338583
23.2729370079
24.4145433071
33.0532204724
30.6673937008
35.6507637795
34.4965590551
68.8010629921
31.8987637795
26.3373149606
22.1792047244
44.5748582677
82.1713307087
27.8000551181
63.879992126
23.3446220472
30.198480315
29.5971574803
31.8424488189
79.6272677165
27.5227007874
33.4882440945
23.7054409449
24.0108267717
30.4663858268
37.5133149606
42.8871102362
97.3504173228
23.1315826772
94.5691889764
24.0459133858
28.4642440945
28.698007874
25.9257244094
53.9528110236
49.1281811024
23.3460708661
33.8157401575
110.481944882
25.1770629921
40.0365905512
25.4512047244
27.5638346457
25.4373464567
27.126480315
27.7421653543
47.7476456693
37.8843385827
22.5791417323
25.2772204724
22.5216929134
22.7168425197
24.9056929134
108.094165354	27.7591653543
36.0839606299
29.582984252
28.7426062992
40.9948897638
22.8366535433
30.1548267717
28.2172519685
27.4192047244
26.9996771654
30.7055669291
26.7762440945
34.1340393701
24.4438976378
25.1650314961
27.9814724409
32.8192047244
23.4012519685
23.0941653543
27.886480315
46.570007874
29.0918346457
30.2108897638
26.4076141732
23.6948582677
26.4547952756
25.1271102362
46.5198031496
67.9658503937
24.5271732283
45.5526220472
24.7759291339
24.9019133858
50.4901968504
32.0114566929
26.0825748031
71.7323385827
34.1698818898
39.4896929134
21.6601496063
32.0639291339
35.0896299213
39.9055669291
23.0335669291
34.1729055118
24.4510787402
24.395519685
30.5087165354
25.1890944882
25.0266377953
29.7004645669
26.4016299213
30.7022913386
52.7739133858
30.7620708661
40.2292834646
43.6132204724
27.7155826772
27.3859448819
29.9635826772
23.5194251969
24.3438031496
52.2803700787
29.9111732283
29.6281496063
23.234007874
23.4290944882
34.0160551181
27.130511811
47.4974409449
31.0451574803
38.9323385827
61.769
46.0125275591
38.7877716535
29.7143228346
22.8306692913
24.6893809524
39.7923809524
25.9703858268
24.0920866142
31.6363385827
82.4758976378
25.2881181102
52.6561811024
26.0056614173
30.0059133858
24.5198031496
28.3442440945
28.007992126
25.8653149606
35.1089055118
37.8796141732
153.065377953
25.3874566929
33.6878031496
27.778511811
62.9131259843
36.6210873016	34.5430873016
27.209503937
30.4392992126
59.6181338583
100.543174603	137.264174603
30.9343543307
34.3207480315
27.7051259843
40.2965590551
37.3098503937
23.8153622047
27.8828267717
22.8737559055
21.8779133858
44.3660393701
35.6502598425
29.0975669291
25.8322440945
25.4124015748
27.7523700787
26.8700873016
27.5791417323
29.6805590551
22.9794566929
24.8956771654
27.081
35.132023622
24.8907007874
24.3165905512
22.3056299213
52.0324330709
24.6518976378
63.4699133858
53.7927480315
28.2142283465
26.5118031496
25.6563070866
36.6694094488
26.1704488189
42.9153307087
27.7767480315
22.8582598425
35.6355826772
31.3841587302
24.8691587302
104.278102362
27.996023622
23.7312677165
29.0325590551
54.5331574803
22.3585433071
25.4150472441
24.279488189
35.8141023622
30.7692519685
33.0866692913
29.094984252
34.7603730159
27.6963730159
27.2745748031
51.8736929134
36.7776299213
27.9994251969
25.5115511811
40.6801811024
32.9112992126
30.3852519685
33.2382283465
32.1705748031
25.6537244094
24.015488189
23.7938188976
60.3327165354
37.6036456693
22.959488189
28.5363700787
23.8547322835
29.8392362205
24.3873307087
41.7725905512
29.6556771654
23.9575354331
34.1868897638
23.5367698413
51.5217698413	45.7777698413
25.5729055118
76.937
30.2502598425
22.7058818898
27.5647165354
33.6431417323
59.7373779528
41.9587322835
47.1807165354
24.7583543307
22.2564330709
40.5670472441
49.6171259843
25.8324330709
39.5629527559
22.6902598425
22.1414094488
32.1557301587	38.0427301587
26.2252519685
29.0496929134
35.4540393701
36.7327795276
36.0103228346
24.9236984127	36.8466984127
31.8805590551
83.8756456693
31.4668267717
27.6895669291
31.8340708661
58.4842755906
28.732023622
40.6765905512
36.1568425197
30.3139448819
41.8579448819
41.6210314961
25.0053464567
30.3331574803
33.2368425197
41.9347952756
36.0855984252
28.8706062992
34.5827322835
36.7417874016
22.7549527559
26.5827716535
90.4517716535
29.0292834646
32.0078031496
28.0117086614
77.0938503937
40.8324330709
35.8427007874
22.4687795276
27.6151102362
37.2992047244
26.4855354331
67.6450314961
24.5271102362
21.9666062992
32.8655669291
43.5659133858
24.7624488189
34.6501338583
24.0121496063
29.8248740157
56.419519685
31.6196456693
23.3266692913
26.0232992126
51.5344173228
32.8886220472
57.6203385827
45.1743543307
40.2436456693
34.104496063
23.7087795276
106.335110236
22.7949527559
26.752496063
21.4933464567
42.1083385827
36.5177874016
52.3794566929
31.5036141732
23.6826377953
27.7719606299
37.9406535433
23.6317401575
65.6878730159	44.5768730159
32.6062519685
42.8412519685	77.7612519685
43.7577244094
23.7588582677
29.3044330709
51.0300393701
25.7918661417
25.4956141732
28.5414094488
38.8364015748
26.1634566929
24.2571889764
32.6534094488
27.5277401575
30.551992126
39.0772834646
39.1437401575
30.3591102362
34.4091259843
115.361377953	31.9123779528
29.3446850394
28.6870472441
40.8321181102
24.1652834646
40.8168110236
26.8978188976
23.2037086614
30.2598976378
23.4547952756
24.464496063
32.5528740157
28.0325590551
34.0226062992
35.5741653543
36.6792992126
94.4836456693
23.6310472441
28.2365275591
49.3466377953
33.0705433071
31.5506535433
77.9886535433
24.8186377953
28.5611889764
39.458511811
31.8061023622
28.1586062992
31.4792992126
36.6278346457
23.6508897638
28.5444330709
25.0403070866
48.6210314961
32.0651259843
22.6240551181
22.9370629921
28.4856614173
31.0459133858
27.2501968504
46.2352047244
23.3807165354
30.9904173228
29.0605905512
76.2461023622
21.865
24.1405905512
69.5598661417
27.2312992126
31.1370629921
29.8639291339
31.3618818898
22.664496063
27.0289685039
36.1349212598
27.6092519685
25.9111732283
37.5814094488
35.7891574803
28.0730629921
27.9043700787
33.0455354331
23.5094094488
23.4639291339
89.3757401575
24.9320866142
53.498511811
33.8899448819
26.0260708661
27.5981023622
25.3964645669
64.3031732283
27.0451574803
38.9601811024
43.1648571429	34.2898571429
29.9368571429
24.009503937
36.3358031496
24.0188267717
34.1704488189
33.3538818898
26.0379133858
37.9346062992
26.8604015748
30.6172519685
22.354007874
29.791992126
25.0029527559
104.785692913
23.9162063492
26.1192063492
28.5928110236
28.7261023622
24.2256929134
61.5613730159
39.1753730159
23.614480315
26.6461653543
37.6457244094
59.7004645669
27.2470472441
25.0811889764
50.9635826772
31.3461338583
32.1414094488
25.8556141732
34.6582598425
24.497047619
25.166047619
22.6959291339
38.0021338583
34.1889055118
29.2444015748
25.2441496063
35.1177244094
31.6210314961
32.4449055118
27.1497874016
24.6364645669
46.018511811
25.3718346457
28.171519685
26.404023622
23.1654724409
23.3728425197
24.5224488189
24.4248740157
28.7598661417
44.9832362205
25.407992126
27.202511811
23.7273622047
27.801
26.0568503937
132.437850394
37.2937874016
25.2955511811
23.7152047244
23.800496063
39.1964645669
131.912370079
25.0702283465
30.5433622047
59.7980555556	37.4930555556
41.6580555556
31.421976378
27.1946377953
23.5506062992
32.0209685039
28.6849685039
27.5035511811
22.5341653543
52.1461968504
65.5416614173
23.1809685039
23.7541338583
23.4766535433
24.8049685039
24.0336299213
96.6337559055
22.6107637795
25.2268897638
27.7548897638
38.7497874016
26.9978095238	26.7068095238
31.3981653543
25.1358661417
82.3615669291
25.851519685
26.2008110236
27.3876456693
33.7112992126
24.5227142857
23.0497142857
27.2323070866
28.5667952756
33.8651259843
24.4084330709
32.17104	31.09404	45.16504
29.7443700787
27.6692204724
28.8023228346
25.8016269841
26.3603070866
23.1278031496
26.2060238095	24.6140238095
21.6810629921
53.7698818898
36.1337874016
43.3138188976
29.7789527559
58.8481811024
71.8929685039
26.6656299213
34.0917086614
33.316023622
25.8837086614
25.4088740157
41.7857559055
59.5272362205
25.987015748
22.5787007874
27.0318031496
22.2778503937
42.5114251969
42.9823543307
39.062984252
160.280811024	55.5658110236
22.8718031496
21.6880551181
28.0899448819
26.2810629921
28.2124645669
24.1380708661
30.6666377953
29.2147952756
25.7087165354
25.0389212598
50.7237716535
29.8245590551
33.1069527559
22.9806299213	50.8576299213
56.0438346457
35.146007874
38.5645275591
29.8450314961
31.3835511811
22.833
26.0100708661
30.4690314961
23.5318346457
36.1771259843
27.9686850394
35.8973779528
28.8642440945
30.1279291339
24.2597086614
137.570889764
40.4406220472
24.4043385827
28.5341653543
26.2816929134
51.7124761905	46.8374761905
34.2807480315
28.4169370079
34.6064173228
22.7569685039
49.9187322835
34.2358346457
22.3071417323
29.2919606299
28.3482755906
29.9987322835
31.2142283465
34.3781338583
42.837976378
38.6518976378
22.9587322835
29.6023228346
93.1613149606
27.7221968504
27.3407165354
27.5492204724
28.3392047244
25.0050944882
30.409503937
28.6192677165
124.682826772
31.3415748031
72.8025748031
22.2937874016
31.9894724409
26.6907007874
34.7761181102
68.9703228346
26.4621653543
26.0000551181
25.1743543307
35.3878346457
23.1463858268
50.2414409449
31.3336614173
27.0726220472
42.2483700787
59.5927480315
26.2129055118
