# Signal je Kanal
0.211503
-0.163162
0.492104
0.033173
0.021180
0.514644
0.397522
0.547067
0.511814
0.455461
0.588810
0.243572
0.300077
0.448107
0.182837
-0.050921
0.538615
0.430113
0.031652
-0.238747
0.413898
-0.426477
-0.108356
0.281350
0.538604
0.134407
-0.071177
0.197721
-0.392350
0.488869
0.116957
-0.012480
-0.042507
0.277458
0.173295
-0.491641
0.213589
-0.314162
0.022070
0.301415
-0.023367
0.059025
0.216234
0.208119
-0.031721
0.144460
0.025365
0.040909
-0.308633
0.126188
0.195699
-0.199629
-0.130017
-0.362060
-0.157471
-0.188032
-0.154492
-0.038150
-0.349295
-0.332941
-0.158297
-0.084517
-0.333854
-0.210329
-0.170027
-0.530046
-2.571074
6.156189
-0.163346
-0.364256
0.235192
-0.478797
-0.048340
0.014056
-0.067842
-0.389339
-0.042984
-0.215824
-0.541532
0.150172
-0.411800
-0.262338
-0.021450
-0.038354
0.050665
-0.610923
-0.037489
-0.012730
0.537385
0.280371
-0.075373
-0.155288
-0.155018
-0.025212
-0.222755
0.140429
-0.428451
-0.242882
-0.179347
0.037847
-0.666763
-0.225317
-0.377622
-0.432585
-0.047521
-0.534778
-0.313298
0.140190
0.132545
-0.044163
0.081719
-0.583693
-0.094111
-0.209472
-0.088325
0.105723
-0.069321
0.038280
-0.011404
-0.039141
0.131593
0.118422
0.306758
0.004833
-0.439796
-0.188481
-0.425620
-0.157237
