# Signal je Kanal
0.981324
0.212382
0.481512
0.227088
0.182258
0.234098
0.231698
0.200518
0.259270
0.302795
0.284207
0.184016
0.175270
0.208465
0.267941
0.259758
0.218150
0.178379
0.111569
0.184789
0.228328
-0.091102
0.056321
0.129680
0.268029
0.116302
-0.052469
0.047656
-0.365732
0.061258
0.001897
-0.113482
-0.199676
0.132765
0.093379
0.009709
-0.156292
-0.231627
-0.047873
0.138642
-0.231349
-0.054954
0.034270
0.214129
-0.232878
-0.086459
-0.012710
-0.002253
-0.303113
-0.118699
-0.092148
0.049101
-0.441048
-0.429437
-0.402661
-0.038325
-0.545675
-0.200354
-0.254715
-0.235313
-0.274615
-0.174610
-0.088378
0.013166
0.053530
0.289901
13.341277
176.010248
5.459910
0.201898
0.177231
-0.197550
-0.311283
-0.185980
0.190663
-0.819402
0.103749
-0.566919
-0.479115
-0.051706
-0.501250
-0.627482
-0.319499
-0.425266
-0.335221
-0.440642
-0.515448
-0.285875
-0.027183
-0.406306
-0.314542
-0.496361
-0.545227
-0.284324
-0.800822
-0.212463
-0.468965
-0.564129
-0.447529
-0.318006
-0.815323
-0.581543
-0.594025
-0.588980
-0.431521
-0.800174
-0.702424
-0.262584
-0.346318
-0.274293
-0.351168
-0.541322
-0.383153
-0.478516
-0.263379
-0.284057
-0.266476
-0.073597
-0.317200
-0.052295
-0.256253
-0.267574
-0.107845
-0.351105
-0.516238
-0.353776
-0.395115
0.284433
