# Signal je Kanal
0.826831
0.125567
0.694120
0.355784
0.491812
0.622656
0.526422
0.456252
0.637842
0.520620
0.299175
0.655353
0.419971
0.490000
0.437638
0.097845
0.551707
0.327222
0.298252
0.300681
0.574787
0.005635
0.151101
0.303331
0.577583
0.324066
0.080347
0.155505
-0.045197
0.364939
0.192633
0.132293
0.105986
0.312523
0.480996
0.344345
0.194338
-0.044795
0.236731
0.435222
0.084221
0.338577
0.202145
0.348825
0.064696
0.216217
0.175957
0.276403
-0.083395
0.221931
0.165499
0.291664
-0.096608
-0.280708
-0.145092
0.164370
-0.090257
0.024486
-0.008109
0.006374
0.004979
0.132997
-0.153353
-0.023780
-0.297006
-2.254097
-15.078291
91.951709
0.034650
-0.582099
0.171306
-0.188478
0.018078
0.033466
0.092032
0.166138
0.043819
-0.075464
-0.073807
0.175996
-0.179779
-0.248209
0.164772
0.086061
0.024110
-0.145908
-0.095119
0.138617
0.394249
0.105126
0.049917
-0.020057
-0.015035
0.016173
-0.150450
0.283590
-0.173299
-0.140630
0.040695
0.106274
-0.440881
-0.230991
-0.168706
-0.034796
0.115604
-0.069068
-0.067255
0.113750
0.235711
0.138107
0.145170
-0.256747
0.094024
0.024510
0.120993
0.426070
0.115833
0.389784
0.228826
0.207461
0.159015
-0.003128
0.338276
0.103203
-0.170686
-0.153304
-0.162556
0.518278
