# Signal je Kanal
1.082738
0.203891
0.447941
0.271531
0.358314
0.225655
0.178204
0.412775
0.130742
0.297321
0.430636
0.320221
0.113697
0.264738
0.221410
0.084329
0.379418
0.226911
0.125931
-0.004605
0.173677
-0.029820
-0.069104
0.131833
0.333339
-0.062074
-0.188027
-0.145721
-0.284384
0.062633
-0.094329
-0.144010
-0.243097
0.247945
0.009848
0.058123
0.057930
-0.318130
-0.051407
0.169016
-0.193009
0.112459
-0.119130
0.095608
-0.021753
0.040923
-0.033352
-0.003785
-0.366718
-0.032327
-0.020851
0.026397
-0.297843
-0.525921
-0.424273
-0.053978
-0.404403
-0.177954
-0.182325
-0.080075
-0.393125
-0.181258
-0.026981
-0.094110
0.105043
0.571099
13.179707
176.313085
5.322216
0.068766
0.267582
-0.206976
-0.264157
-0.255689
0.244365
-0.787264
0.094117
-0.430613
-0.564716
-0.052245
-0.589802
-0.608284
-0.236289
-0.387029
-0.292000
-0.388287
-0.414153
-0.223454
-0.089828
-0.188142
-0.383129
-0.318180
-0.520014
-0.473813
-0.670570
-0.275121
-0.481590
-0.474760
-0.435272
-0.374750
-0.760046
-0.485329
-0.642664
-0.631588
-0.486133
-0.676869
-0.593254
-0.395269
-0.357991
-0.354821
-0.446708
-0.568890
-0.489799
-0.652273
-0.261078
-0.211750
-0.531996
-0.079382
-0.191117
-0.023781
-0.371714
-0.395218
-0.194641
-0.364790
-0.505876
-0.568256
-0.483610
0.229813
