# Signal je Kanal
1.197909
0.167145
0.453263
0.305826
0.137932
0.286876
0.209524
0.337132
0.202252
0.393544
0.379909
0.427644
0.137132
0.247174
0.319694
0.166712
0.408755
0.114281
0.164154
0.110695
0.239938
-0.196118
-0.011791
0.209226
0.265739
0.024235
-0.085606
0.004536
-0.321943
0.166948
0.030844
-0.088747
-0.376625
0.272443
0.008314
0.150425
-0.079504
-0.181843
-0.036184
0.159463
-0.132747
0.005840
0.112094
0.109048
-0.332795
-0.092544
0.009966
-0.045270
-0.282335
-0.141751
-0.046422
0.002042
-0.449220
-0.361795
-0.462863
-0.116490
-0.390987
-0.356267
-0.256829
-0.082624
-0.500556
-0.042807
-0.283458
0.046179
0.123221
0.501986
13.484098
176.015437
5.304649
0.131513
0.251068
-0.190606
-0.307455
-0.278048
0.251583
-0.770520
0.102494
-0.310412
-0.630115
-0.078913
-0.512498
-0.663684
-0.340656
-0.348353
-0.407267
-0.451678
-0.344879
-0.417935
-0.068252
-0.286643
-0.488510
-0.334680
-0.626211
-0.433255
-0.460234
-0.267485
-0.496069
-0.562175
-0.499572
-0.234290
-0.764437
-0.676463
-0.610107
-0.557186
-0.515564
-0.645356
-0.431656
-0.303869
-0.410254
-0.394146
-0.482147
-0.497515
-0.520100
-0.522633
-0.354474
-0.194360
-0.526246
-0.076868
-0.267406
-0.082212
-0.355227
-0.473539
-0.241022
-0.421275
-0.433309
-0.663620
-0.518178
0.370245
