# Signal je Kanal
1.146601
0.166555
0.460349
0.348841
0.202991
0.350793
0.135646
0.326456
0.168257
0.271547
0.382230
0.284555
-0.002710
0.221303
0.329595
0.110937
0.246977
0.192268
0.215557
0.089694
0.298055
-0.170076
-0.078618
0.049501
0.168987
0.047377
-0.049561
-0.060323
-0.384810
0.107067
-0.117074
0.043272
-0.141995
0.121698
0.208114
0.044673
-0.041495
-0.347687
0.016805
0.091603
-0.224681
-0.086012
-0.024772
0.061026
-0.221900
-0.023846
-0.090862
-0.027284
-0.327169
-0.077836
-0.055272
0.036890
-0.383373
-0.427660
-0.314879
-0.127390
-0.343904
-0.200472
-0.247951
-0.161550
-0.449553
-0.161906
-0.221318
-0.105659
0.098694
0.487388
13.600439
176.066207
5.266357
0.106259
0.121294
-0.194464
-0.283703
-0.300200
0.250834
-0.782987
0.093750
-0.476229
-0.460383
-0.054935
-0.479393
-0.579809
-0.342639
-0.386630
-0.325555
-0.453652
-0.492692
-0.326966
-0.073271
-0.365631
-0.446685
-0.473618
-0.611464
-0.372475
-0.619084
-0.217725
-0.456217
-0.498266
-0.455769
-0.315314
-0.820684
-0.565887
-0.604189
-0.619271
-0.390812
-0.610617
-0.509912
-0.176048
-0.347658
-0.368350
-0.351478
-0.539568
-0.544319
-0.339184
-0.283682
-0.195458
-0.411621
0.019889
-0.218734
0.038563
-0.426508
-0.462691
-0.283053
-0.306455
-0.454450
-0.455891
-0.541259
0.343429
