# Signal je Kanal
1.149319
0.182234
0.491055
0.129907
0.301770
0.301678
0.079538
0.307052
0.305837
0.311373
0.354941
0.448145
0.158994
0.255032
0.303334
0.018610
0.322589
0.123100
0.085236
0.135441
0.159037
-0.141391
0.081945
0.197201
0.237557
0.130971
-0.230741
0.030272
-0.216320
0.114817
-0.050482
-0.064957
-0.168163
0.160269
0.093928
-0.135384
-0.011693
-0.309002
-0.074187
0.191185
-0.248799
0.148433
0.002913
0.048890
-0.220210
-0.076987
-0.109156
-0.103518
-0.381470
-0.072102
0.081201
-0.050265
-0.437680
-0.427978
-0.319179
0.025112
-0.492046
-0.357627
-0.215202
-0.249734
-0.435156
-0.271001
-0.147671
-0.061029
0.197188
0.442070
13.907309
176.114259
5.207022
0.163875
0.253964
-0.267760
-0.246977
-0.359444
0.296607
-0.816254
0.067314
-0.293486
-0.447704
-0.107138
-0.525746
-0.638108
-0.316964
-0.377859
-0.414724
-0.421007
-0.482898
-0.481049
-0.067602
-0.323874
-0.379924
-0.423919
-0.641534
-0.402742
-0.578579
-0.152069
-0.512325
-0.480510
-0.570011
-0.355569
-0.717872
-0.615983
-0.690534
-0.669515
-0.463027
-0.640835
-0.532052
-0.291200
-0.299820
-0.297775
-0.362681
-0.451859
-0.314851
-0.519232
-0.215930
-0.143730
-0.483778
0.002714
-0.272888
-0.040636
-0.261871
-0.597878
-0.193461
-0.300709
-0.515720
-0.538062
-0.539455
0.129285
