# Signal je Kanal
1.247454
0.235484
0.443352
0.323889
0.363990
0.314048
0.191705
0.237472
0.310198
0.260849
0.391166
0.270847
0.269169
0.225340
0.111088
0.092988
0.251116
0.173358
0.130594
0.054969
0.378120
-0.136024
-0.015611
0.260402
0.145089
0.053361
-0.230333
-0.123269
-0.300797
0.068168
-0.113099
-0.035705
-0.288636
0.186661
0.046287
0.106585
-0.014325
-0.341531
0.139771
0.152563
-0.163502
-0.010000
-0.041610
0.105137
-0.183911
-0.175421
-0.162736
-0.078111
-0.417049
0.005151
-0.119237
0.006975
-0.477199
-0.490449
-0.376714
-0.149307
-0.397889
-0.303264
-0.279803
-0.216476
-0.642468
-0.176686
-0.137361
-0.056754
0.075750
0.582178
14.354732
175.521435
5.231749
0.152346
0.284244
-0.258427
-0.342625
-0.380142
0.306852
-0.847909
-0.099011
-0.246174
-0.585213
-0.074783
-0.567331
-0.652630
-0.315718
-0.351442
-0.360443
-0.401592
-0.360819
-0.293979
-0.099234
-0.356482
-0.361606
-0.405619
-0.508435
-0.413414
-0.687122
-0.297653
-0.464054
-0.372362
-0.560714
-0.315315
-0.666747
-0.562673
-0.732049
-0.673185
-0.427678
-0.670442
-0.478942
-0.328775
-0.303513
-0.372252
-0.350379
-0.541474
-0.467259
-0.576745
-0.238582
-0.209312
-0.377622
-0.108786
-0.251644
-0.003206
-0.364366
-0.523429
-0.225189
-0.354179
-0.507354
-0.436894
-0.455305
0.302330
