# Signal je Kanal
1.250621
0.264798
0.430823
0.201408
0.210349
0.203365
0.080247
0.385605
0.317443
0.120275
0.431427
0.241934
0.127601
0.186753
0.123340
0.237227
0.288259
0.134763
0.306664
-0.012612
0.259456
-0.124694
-0.014218
0.136800
0.231355
0.100733
-0.143981
-0.083774
-0.234698
0.034560
-0.046702
0.025544
-0.370203
0.301742
0.071666
0.067985
-0.121057
-0.340192
-0.052727
0.195835
-0.297149
0.035170
-0.029310
-0.022260
-0.151658
-0.257049
-0.125321
-0.042834
-0.336732
-0.010618
-0.004018
-0.026577
-0.391022
-0.447229
-0.347508
-0.079004
-0.383633
-0.265947
-0.336387
-0.220113
-0.329225
-0.248352
-0.133966
-0.007343
0.207824
0.669220
14.902969
175.145386
5.350776
0.203554
0.205575
-0.165132
-0.380144
-0.352587
0.212245
-0.823548
0.088165
-0.447982
-0.551825
-0.094459
-0.443094
-0.570482
-0.292323
-0.406236
-0.378066
-0.354444
-0.440426
-0.332520
-0.048880
-0.430149
-0.465122
-0.430334
-0.683859
-0.391954
-0.508094
-0.294173
-0.575597
-0.422091
-0.480318
-0.295962
-0.857212
-0.692256
-0.575842
-0.654776
-0.416408
-0.697239
-0.592545
-0.336420
-0.465028
-0.293013
-0.411963
-0.613029
-0.439973
-0.624360
-0.334167
-0.264016
-0.424057
-0.191388
-0.319238
-0.000057
-0.440915
-0.476075
-0.182685
-0.380957
-0.451125
-0.459388
-0.536728
0.384681
