# Signal je Kanal
1.232143
0.233223
0.342280
0.200855
0.170966
0.353608
0.080595
0.429176
0.270763
0.259532
0.385022
0.339374
0.175893
0.137260
0.185633
0.212478
0.311799
0.202146
0.084303
-0.072340
0.165897
-0.149207
-0.116839
0.173168
0.202851
-0.018924
-0.126732
-0.008641
-0.465983
0.168829
-0.046397
-0.137921
-0.287927
0.355206
0.037019
0.043460
-0.178384
-0.375841
-0.019362
0.190273
-0.238767
0.024750
0.013895
-0.033965
-0.103094
-0.049727
-0.001064
-0.060416
-0.363367
-0.142997
0.017434
-0.001223
-0.320547
-0.460910
-0.360115
-0.114582
-0.474998
-0.293495
-0.276972
-0.224552
-0.326944
-0.143062
-0.250387
0.007936
0.165320
0.801770
15.286825
174.749487
5.460929
0.210815
0.145127
-0.280624
-0.269805
-0.256351
0.146766
-0.642296
-0.066289
-0.443449
-0.555505
-0.085067
-0.493730
-0.499132
-0.298831
-0.278923
-0.366632
-0.427916
-0.488874
-0.400987
-0.063526
-0.343616
-0.395858
-0.387796
-0.589526
-0.417716
-0.563507
-0.328799
-0.593190
-0.536485
-0.533850
-0.358554
-0.986625
-0.629820
-0.602462
-0.672399
-0.601875
-0.766645
-0.599028
-0.324163
-0.367735
-0.351633
-0.456612
-0.451816
-0.554563
-0.629127
-0.254842
-0.302503
-0.475869
-0.020163
-0.385643
-0.070556
-0.318751
-0.556720
-0.238314
-0.308641
-0.553610
-0.537123
-0.477474
0.481931
