# Signal je Kanal
1.088610
0.263699
0.497691
0.229310
0.153504
0.381206
0.098076
0.338685
0.266589
0.219053
0.319520
0.236170
0.015516
0.217728
0.231258
0.111148
0.281533
0.149742
0.139875
-0.020652
0.042737
-0.124803
-0.039345
-0.040918
0.312301
-0.040224
-0.108078
-0.075026
-0.311467
0.169383
0.117240
-0.059335
-0.202349
0.158032
0.049645
0.002035
-0.131005
-0.307385
0.068297
0.133795
-0.317068
-0.059606
0.117661
0.053557
-0.292413
-0.123106
-0.065387
-0.089867
-0.269796
-0.213242
-0.131880
0.089289
-0.441855
-0.404224
-0.426425
-0.014073
-0.539451
-0.158273
-0.323323
-0.066235
-0.361243
-0.281329
-0.147052
-0.110290
0.082915
0.864206
15.578053
174.542621
5.331431
0.150343
0.210536
-0.252053
-0.246351
-0.309846
0.263287
-0.806501
0.070161
-0.509790
-0.445816
-0.077522
-0.600830
-0.543486
-0.217394
-0.388078
-0.381903
-0.481291
-0.456288
-0.336508
-0.062922
-0.323128
-0.500122
-0.451160
-0.781866
-0.444981
-0.480889
-0.211364
-0.506727
-0.565865
-0.528279
-0.257989
-0.826121
-0.537343
-0.618736
-0.829529
-0.541132
-0.750944
-0.586306
-0.338404
-0.551916
-0.286916
-0.495752
-0.624974
-0.371845
-0.415589
-0.317144
-0.110960
-0.505055
-0.067444
-0.216147
-0.042925
-0.357047
-0.451139
-0.244567
-0.421843
-0.531820
-0.609229
-0.398988
0.411675
