# Signal je Kanal
1.361036
0.275025
0.493939
0.188615
0.299587
0.379583
0.273264
0.328103
0.234814
0.298316
0.392996
0.394203
0.143862
0.226921
0.227410
0.218469
0.242616
0.111981
0.125177
0.029500
0.263750
-0.168516
-0.012060
0.130212
0.307546
0.070914
-0.151793
-0.092536
-0.323332
0.101726
0.028404
0.029881
-0.323974
0.271139
0.087036
0.076438
-0.149793
-0.377916
0.024551
0.091217
-0.287880
-0.015413
-0.045067
0.166753
-0.227308
-0.227733
-0.079122
-0.065566
-0.349468
-0.157084
-0.087536
-0.010292
-0.310832
-0.516721
-0.291448
-0.070854
-0.452157
-0.319606
-0.325154
-0.307836
-0.362036
-0.260088
-0.252593
-0.122092
0.149386
0.787844
15.775332
174.541421
5.360075
0.227939
0.130970
-0.311746
-0.452745
-0.304503
0.073613
-0.815364
-0.024546
-0.625415
-0.423774
-0.303003
-0.528752
-0.503139
-0.336969
-0.457791
-0.422894
-0.523873
-0.337029
-0.439105
-0.104614
-0.255855
-0.502993
-0.525769
-0.642688
-0.568670
-0.562411
-0.379940
-0.623309
-0.566633
-0.424169
-0.405516
-0.813002
-0.642087
-0.587526
-0.623586
-0.486094
-0.725747
-0.446209
-0.340179
-0.508676
-0.327721
-0.468768
-0.563814
-0.528730
-0.625192
-0.319856
-0.192706
-0.432906
-0.153065
-0.285051
0.086232
-0.326774
-0.319100
-0.260341
-0.329767
-0.554786
-0.514195
-0.401557
0.408096
