# Signal je Kanal
1.199216
0.142253
0.353257
0.113995
0.201757
0.320742
0.134475
0.333162
0.239808
0.214527
0.507827
0.298356
0.145783
0.109221
0.134768
0.175518
0.221733
0.066223
0.135318
0.031626
0.218945
-0.264255
-0.090898
0.228007
0.227638
-0.039817
-0.179565
-0.030557
-0.396177
-0.012969
-0.124365
-0.079816
-0.231906
0.191220
0.171059
0.164302
-0.228457
-0.299970
-0.000336
0.108254
-0.260800
0.004548
-0.045974
0.108834
-0.266154
-0.047818
-0.075071
-0.064459
-0.359355
-0.038171
-0.000606
0.042720
-0.478498
-0.297998
-0.593796
-0.187606
-0.445991
-0.220614
-0.318021
-0.353528
-0.425925
-0.229980
-0.140714
-0.157933
0.250205
0.725739
16.270239
174.133832
5.461849
0.304735
0.190912
-0.265650
-0.291826
-0.361314
0.112782
-0.934024
-0.027352
-0.483478
-0.607373
-0.111067
-0.552584
-0.525101
-0.317942
-0.338886
-0.515541
-0.346087
-0.322143
-0.284231
-0.124472
-0.244915
-0.530810
-0.334029
-0.640590
-0.484572
-0.478564
-0.372722
-0.536246
-0.558510
-0.549878
-0.288588
-0.868827
-0.669885
-0.597452
-0.675407
-0.494911
-0.643725
-0.527040
-0.332959
-0.344771
-0.324697
-0.520477
-0.584677
-0.536659
-0.618848
-0.244898
-0.210602
-0.431816
-0.020088
-0.403677
0.015397
-0.307840
-0.442925
-0.148516
-0.417498
-0.588548
-0.523048
-0.395637
0.415088
