# Signal je Kanal
0.798708
0.044597
0.526271
0.331808
0.274784
0.410832
0.220501
0.261395
0.535760
0.427412
0.297124
0.663092
0.298798
0.272205
0.400554
0.256587
0.416722
0.258139
0.041485
0.197500
0.272785
-0.004320
0.068132
0.210084
0.268889
0.124081
-0.036616
0.028518
-0.115235
0.164066
0.207687
0.063089
-0.045003
0.386211
0.260961
0.114459
0.020355
-0.141938
0.093771
0.312242
-0.082921
0.168560
0.162110
0.235849
0.031627
0.166019
-0.007963
0.142421
-0.269239
0.199605
0.043423
0.279685
-0.114771
-0.327795
-0.291060
0.020448
-0.325157
-0.027616
-0.034230
-0.026610
-0.193919
0.158662
-0.147484
0.171882
-0.051360
-1.528480
-4.365998
129.514078
1.869656
-0.328438
0.298043
-0.114709
0.033036
0.010454
0.150906
-0.155676
0.029717
-0.276569
-0.264551
0.091857
-0.392716
-0.340100
-0.118867
0.097825
0.017020
-0.189122
-0.290988
-0.204171
0.164399
-0.174793
-0.143102
-0.164027
-0.256995
-0.043935
-0.310444
0.084977
-0.278404
-0.205781
-0.138213
-0.001668
-0.365187
-0.190186
-0.310604
-0.318825
-0.104302
-0.282078
-0.069425
-0.096208
0.064764
0.074135
-0.022969
-0.328869
-0.007866
-0.067326
-0.008019
0.023398
0.024783
0.143811
0.148923
0.293187
0.099971
-0.146061
0.079444
-0.126754
-0.099964
-0.207368
-0.243497
0.416304
