# Signal je Kanal
0.776760
0.106360
0.583091
0.294842
0.424540
0.359710
0.196557
0.290286
0.389763
0.367567
0.279124
0.570298
0.253886
0.304123
0.375588
0.175644
0.400786
0.200082
0.183289
0.145604
0.430745
-0.103371
0.028120
0.364101
0.340692
0.063127
-0.086623
-0.028424
-0.169270
0.148001
0.011717
0.082961
-0.140161
0.348284
0.189912
0.037605
-0.064588
-0.195838
0.172509
0.250250
-0.003895
0.092622
0.040147
0.201859
-0.172288
0.036101
0.072952
-0.018453
-0.288311
0.053744
0.051421
0.164634
-0.154817
-0.257902
-0.249217
0.043245
-0.388025
-0.179740
-0.139137
-0.088643
-0.248083
0.002977
-0.092753
-0.094774
-0.032417
-1.046403
1.450013
145.098887
3.065355
-0.093770
0.167136
-0.285556
-0.019052
-0.050532
-0.050982
-0.306568
0.065635
-0.260465
-0.334744
0.105763
-0.353745
-0.322317
-0.161026
-0.112004
-0.084982
-0.362997
-0.250996
-0.232303
0.053426
-0.177833
-0.222090
-0.227925
-0.412762
-0.184861
-0.459354
-0.059014
-0.368382
-0.382679
-0.264137
-0.022702
-0.523046
-0.396198
-0.433551
-0.365584
-0.197262
-0.475857
-0.329089
0.009642
-0.155952
-0.173803
-0.132924
-0.400749
-0.143957
-0.126453
-0.043100
0.016243
-0.166126
0.196670
0.084857
0.019343
-0.047958
-0.196112
0.169279
-0.106852
-0.332711
-0.274434
-0.278660
0.298302
