# Signal je Kanal
0.855074
0.159763
0.463690
0.204198
0.327242
0.300226
0.125939
0.280707
0.401296
0.227067
0.312507
0.461867
0.025577
0.261615
0.341047
0.102011
0.532010
0.219513
0.202632
0.184032
0.339197
-0.152826
-0.048269
0.280614
0.342104
0.065673
-0.066347
-0.147838
-0.164728
0.066472
0.154934
-0.030461
-0.130521
0.325636
0.097531
0.040757
-0.067076
-0.344375
0.143940
0.083889
-0.123450
0.121177
0.199320
0.154288
-0.081825
0.037556
0.028319
-0.035053
-0.253004
0.101207
-0.034924
0.078109
-0.278241
-0.334450
-0.351530
0.004865
-0.472600
-0.371109
-0.130663
-0.156301
-0.277547
-0.137669
-0.140129
0.010455
0.066998
-0.481587
7.148179
157.689836
4.143620
-0.014377
0.190557
-0.158319
-0.337233
-0.354868
0.331122
-0.707771
0.128978
-0.388878
-0.317138
-0.050668
-0.348323
-0.557615
-0.268454
-0.202502
-0.129504
-0.367521
-0.346597
-0.230927
-0.036043
-0.231375
-0.302460
-0.296505
-0.603146
-0.317257
-0.520969
-0.273244
-0.482843
-0.435104
-0.409621
-0.260145
-0.646435
-0.466626
-0.484140
-0.470151
-0.233732
-0.511376
-0.409668
-0.201693
-0.274282
-0.124315
-0.177319
-0.451211
-0.140314
-0.451683
-0.176387
-0.028221
-0.298510
0.041346
-0.076546
0.083761
-0.257214
-0.259732
-0.005058
-0.231166
-0.245440
-0.297844
-0.470049
0.352448
