# Signal je Kanal
0.812275
0.126220
0.498338
0.301806
0.177062
0.427899
0.168823
0.279337
0.253256
0.407576
0.373870
0.431585
0.139204
0.153438
0.317685
0.090582
0.349901
0.300117
0.079448
0.081779
0.245187
-0.240112
-0.002765
0.039441
0.236030
0.028383
-0.260362
-0.079301
-0.220022
0.044224
0.209603
0.044142
-0.084813
0.163431
0.095400
0.019738
-0.108349
-0.265710
0.154721
0.174523
-0.105655
0.192776
0.006192
0.082140
-0.315826
0.065301
-0.069818
-0.032196
-0.437042
0.032050
-0.060334
-0.041949
-0.287411
-0.318838
-0.362865
-0.105405
-0.454736
-0.237381
-0.156950
-0.175546
-0.356548
-0.131791
-0.114680
0.040942
0.051001
-0.047237
11.238584
164.758085
4.753318
0.161182
0.128017
-0.201716
-0.326498
-0.309041
0.224504
-0.616400
-0.056380
-0.298271
-0.501100
0.085959
-0.474371
-0.585717
-0.347413
-0.317443
-0.301413
-0.435698
-0.334741
-0.228829
-0.134003
-0.275422
-0.357495
-0.348569
-0.654988
-0.343332
-0.557025
-0.259342
-0.486021
-0.404315
-0.474465
-0.303160
-0.670654
-0.565662
-0.601021
-0.496010
-0.344562
-0.527308
-0.529603
-0.288721
-0.320221
-0.262261
-0.249259
-0.476511
-0.377188
-0.537573
-0.219527
-0.084115
-0.431297
-0.073672
-0.186454
0.081491
-0.104466
-0.447469
-0.193857
-0.286227
-0.440420
-0.448828
-0.342320
0.143526
