# Signal je Kanal
0.860940
0.138792
0.363868
0.133437
0.166463
0.211281
0.187133
0.375731
0.368492
0.308095
0.256609
0.329028
0.134518
0.079782
0.231206
0.142100
0.233334
0.166745
0.047865
-0.090613
0.289296
-0.195690
-0.102231
0.153704
0.266236
0.021720
-0.153982
-0.053950
-0.246712
0.034580
0.024140
-0.050406
-0.170386
0.223876
0.133508
-0.017950
-0.093057
-0.335166
0.059241
0.066906
-0.081382
-0.089712
0.066500
0.125427
-0.142821
-0.064260
-0.002597
-0.004946
-0.235866
0.050321
-0.068886
-0.055698
-0.392002
-0.295419
-0.362530
-0.068218
-0.379624
-0.312871
-0.102715
-0.115284
-0.413308
-0.132538
-0.068217
0.026406
0.253813
0.494483
13.638413
169.525483
5.489577
0.161556
0.149676
-0.176226
-0.353168
-0.359725
0.205122
-0.699726
0.122119
-0.494869
-0.473976
0.039289
-0.573088
-0.660505
-0.310477
-0.235339
-0.272268
-0.500348
-0.369397
-0.281744
-0.130915
-0.294163
-0.437399
-0.445274
-0.649981
-0.506129
-0.512898
-0.259379
-0.463688
-0.437102
-0.523273
-0.370921
-0.835214
-0.570542
-0.584866
-0.546977
-0.409328
-0.674270
-0.554451
-0.298478
-0.345092
-0.323082
-0.418959
-0.649039
-0.410966
-0.568424
-0.334229
-0.062146
-0.430166
-0.037711
-0.139377
0.000886
-0.338146
-0.448325
-0.337830
-0.409007
-0.471099
-0.618344
-0.535798
0.210670
