# Signal je Kanal
1.134294
0.191475
0.345468
0.153040
0.298922
0.350872
0.123836
0.241602
0.329218
0.340737
0.305203
0.449548
0.207158
0.156332
0.326777
0.199824
0.360879
0.134429
0.188396
0.156620
0.333121
-0.109137
-0.015698
0.177461
0.238024
0.019397
-0.168381
-0.164118
-0.207928
0.025220
-0.138910
-0.101588
-0.228638
0.259553
0.011444
-0.029268
0.005557
-0.248710
-0.034960
0.145491
-0.128490
0.052795
0.044326
0.061245
-0.195846
-0.053553
-0.142616
0.007790
-0.377946
-0.011770
-0.104217
-0.042988
-0.382304
-0.370494
-0.314823
-0.089346
-0.493679
-0.231417
-0.291603
-0.272263
-0.508507
-0.114766
-0.164238
-0.124535
0.169740
0.483288
13.878967
172.757966
5.637196
0.266128
0.247183
-0.263335
-0.432456
-0.445990
0.214934
-0.881693
0.062886
-0.233448
-0.578116
-0.033751
-0.540391
-0.534873
-0.415513
-0.254520
-0.372331
-0.312868
-0.506536
-0.383787
-0.109246
-0.343446
-0.372660
-0.434601
-0.623347
-0.443447
-0.684952
-0.373463
-0.491998
-0.463245
-0.601595
-0.368265
-0.837574
-0.546713
-0.635096
-0.694017
-0.390734
-0.653480
-0.662650
-0.287827
-0.347467
-0.269408
-0.383382
-0.592480
-0.373390
-0.492904
-0.260634
-0.203177
-0.462505
-0.066799
-0.333368
0.118555
-0.308452
-0.345709
-0.332088
-0.223495
-0.479374
-0.514920
-0.568160
0.173496
