# Signal je Kanal
0.957507
0.127922
0.507120
0.235542
0.299461
0.205006
0.271584
0.363336
0.405969
0.357553
0.338187
0.413184
0.146070
0.177364
0.289451
0.084431
0.284945
0.239272
0.101152
0.153161
0.145118
-0.110681
0.002962
0.097354
0.230988
0.071143
-0.015766
-0.051294
-0.345251
0.128256
-0.038233
-0.092874
-0.135918
0.235316
0.044136
0.035878
-0.081364
-0.153099
0.078574
0.127429
-0.201674
-0.015303
-0.012782
0.095978
-0.339906
-0.057655
-0.118927
-0.029442
-0.289423
-0.071949
0.021607
-0.053437
-0.375364
-0.420826
-0.392855
-0.194676
-0.485777
-0.124564
-0.302153
-0.254813
-0.394681
-0.197950
-0.226756
-0.157055
0.136035
0.425007
13.567754
174.534505
5.447418
0.209344
0.269931
-0.254961
-0.261637
-0.284093
0.107453
-0.825754
0.139329
-0.453264
-0.505571
-0.122866
-0.578507
-0.693631
-0.444510
-0.310582
-0.384311
-0.443163
-0.368657
-0.411805
-0.096905
-0.237293
-0.516469
-0.404656
-0.586204
-0.526198
-0.562100
-0.336416
-0.401368
-0.543286
-0.398769
-0.305234
-0.748809
-0.698531
-0.580259
-0.635277
-0.297780
-0.760549
-0.522864
-0.235755
-0.243408
-0.326387
-0.307272
-0.539782
-0.300461
-0.439913
-0.278685
-0.165362
-0.334587
-0.195909
-0.229659
-0.061620
-0.337268
-0.442361
-0.360730
-0.382237
-0.463673
-0.421898
-0.416516
0.146840
