# Signal je Kanal
1.129303
0.204102
0.404043
0.119633
0.288570
0.306589
0.215334
0.280020
0.340577
0.410162
0.261887
0.379188
0.199679
0.121018
0.242362
0.100504
0.291462
0.191821
0.053113
0.153248
0.236696
-0.269446
-0.097022
0.188930
0.204602
0.034935
-0.137905
-0.071745
-0.313395
0.132684
-0.061480
0.103791
-0.172344
0.286078
0.194718
0.008293
-0.083906
-0.177320
0.061413
0.127038
-0.118203
0.017409
0.082680
0.032818
-0.300322
0.014719
-0.071260
-0.083675
-0.350583
0.024490
-0.043792
-0.029452
-0.370731
-0.380202
-0.422141
-0.058875
-0.514227
-0.115036
-0.286326
-0.160064
-0.374086
-0.082422
-0.132950
-0.078226
0.081228
0.412156
13.462025
175.501742
5.380827
0.125839
0.235680
-0.205025
-0.329155
-0.384492
0.219302
-0.781405
0.075231
-0.313994
-0.621519
0.035341
-0.560822
-0.670077
-0.405046
-0.274219
-0.394955
-0.334366
-0.501005
-0.315509
-0.092732
-0.234013
-0.398196
-0.447165
-0.690768
-0.387062
-0.436746
-0.509943
-0.406739
-0.459874
-0.551043
-0.317846
-0.706179
-0.493334
-0.688541
-0.626657
-0.525172
-0.638043
-0.524176
-0.280372
-0.544929
-0.360817
-0.299012
-0.540942
-0.489887
-0.597352
-0.286090
-0.145861
-0.473992
0.041481
-0.343001
0.035228
-0.363881
-0.484937
-0.263575
-0.344790
-0.434998
-0.601225
-0.486603
0.376994
